ka;ks;ratio
0.2638;2.2769;0.11585928235759145
0.8123;4.5122;0.18002304862373122
0.7426;4.9742;0.1492903381448273
0.4217;2.4612;0.17133918413781896
0.7835;4.7380;0.1653651329674968
0.6784;3.2356;0.20966744962294476
0.4511;0.9996;0.4512805122048819
0.3591;1.4728;0.24382129277566536
0.9647;2.9784;0.32389873757722265
0.7833;4.5061;0.17383102904951067
0.5770;3.0507;0.18913691939554855
0.3814;4.5060;0.08464269862405681
1.0431;2.8944;0.36038557213930345
0.4156;1.4720;0.2823369565217392
0.1450;0.4485;0.3232998885172798
0.8832;2.8261;0.3125154806977814
0.7326;3.1552;0.23218813387423937
0.0082;0.0075;1.0933333333333335
0.7654;2.1574;0.3547789005284138
0.5005;1.8657;0.2682639223883797
0.4580;1.1916;0.38435716683450827
0.5056;4.2576;0.11875234874107479
0.6909;1.5282;0.4521005104043973
0.4537;5.4347;0.0834820689274477
0.1696;0.8096;0.20948616600790515
0.6083;4.0767;0.1492138249074006
0.7189;4.3100;0.16679814385150812
0.7943;2.1747;0.3652457810272681
0.3855;1.4608;0.26389649507119384
0.5754;2.7022;0.21293760639478945
0.6238;1.5293;0.40789903877591055
0.5021;3.3699;0.14899551915487105
0.0814;2.2474;0.0362196315742636
0.6776;2.4799;0.2732368240654865
0.3446;1.8153;0.18983088194788741
0.6262;3.9507;0.1585035563317893
0.7979;2.1905;0.3642547363615613
0.6099;3.8948;0.1565934065934066
0.5948;3.4090;0.17447931944851863
0.0219;1.7530;0.012492869366799773
0.2554;2.5036;0.10201310113436651
0.3564;0.1874;1.9018143009605122
0.5310;3.0418;0.17456769018344404
0.6965;4.0550;0.17176325524044392
0.6193;4.3775;0.1414734437464306
0.9545;2.3474;0.4066200903126864
0.6115;2.1344;0.28649737631184413
0.1078;0.7830;0.13767560664112388
0.3832;4.1756;0.09177124245617395
0.1039;1.8980;0.054741833508956804
0.3817;2.4806;0.15387406272675966
0.8397;2.3170;0.3624082865774708
-0.0000;0.0299;-0.0
0.9963;4.3507;0.22899763256487463
0.3981;4.3485;0.09154880993446017
0.1999;0.2544;0.7857704402515723
0.3272;4.1586;0.07868032510941182
0.1420;1.6622;0.08542894958488749
0.2503;0.4393;0.5697700887776007
0.5674;4.0298;0.14080103230929575
0.6748;4.0061;0.16844312423554078
0.4767;1.9837;0.24030851439229722
0.3912;1.8291;0.21387567656224374
0.6329;2.0765;0.30479171683120637
0.2261;1.7482;0.12933302825763643
1.0301;4.0799;0.2524816784725116
0.8344;2.0040;0.4163672654690619
0.5499;2.1457;0.25628000186419353
0.4330;3.6127;0.11985495612699644
0.5050;2.5502;0.19802368441690849
0.0582;0.0708;0.8220338983050848
0.2071;0.8574;0.24154420340564497
0.8801;1.2392;0.7102162685603615
0.0665;1.0661;0.0623768877216021
0.6629;4.4843;0.1478268626095489
0.3691;3.7213;0.09918576841426384
0.3751;2.9628;0.1266032131767247
0.5716;3.7723;0.15152559446491531
0.2960;3.7650;0.07861885790172642
0.6373;3.1788;0.20048445954448219
0.4844;1.6591;0.29196552347658367
0.3952;4.3118;0.09165545711767707
0.2978;0.8141;0.36580272693772264
0.3535;3.2724;0.10802469135802469
0.5006;4.5840;0.1092059336823735
0.6550;1.4042;0.46645776954849744
0.5893;3.5283;0.1670209449309866
0.5737;2.5998;0.22067082083237172
1.0772;4.0459;0.26624484045577007
0.3006;1.4065;0.21372200497689298
0.1117;1.0088;0.11072561459159398
0.2119;0.8695;0.24370327774583092
0.5130;3.2176;0.15943560417702635
0.2538;3.9456;0.06432481751824817
0.0667;3.3349;0.020000599718132474
0.3232;1.7702;0.18257823974692125
0.9772;4.1148;0.23748420336346845
0.6575;1.9148;0.3433778984750365
0.3432;1.5375;0.22321951219512196
0.7401;2.6813;0.2760228247491888
0.5863;3.7661;0.15567828788401797
0.8627;4.7056;0.18333475008500513
0.7154;4.0541;0.17646333341555462
0.6237;1.9895;0.31349585322945467
0.5007;2.2336;0.2241672636103152
0.3581;4.6353;0.07725497810281966
0.3013;0.5592;0.5388054363376251
0.3280;2.9622;0.11072851259199244
0.6261;2.6525;0.23604147031102735
0.8013;3.8868;0.20615930842852734
0.3046;2.4851;0.12257052030099391
0.5359;2.4175;0.22167528438469494
0.3102;3.9928;0.07768984171508715
0.2206;2.8375;0.07774449339207049
0.6645;4.2129;0.15772982980844547
0.1439;0.2370;0.6071729957805907
0.3877;4.6064;0.0841655088572421
0.5262;1.8980;0.2772391991570074
0.3761;0.9436;0.3985799067401441
0.3911;2.0409;0.19163114312313193
0.4391;4.0989;0.10712630217863328
0.2815;2.3262;0.1210128105923824
0.0347;0.1103;0.314596554850408
0.6221;3.6476;0.17055049895821908
0.6406;3.7260;0.17192699946323134
0.0933;0.4616;0.20212305025996533
0.8481;3.0134;0.28144288843167187
0.1541;2.5350;0.06078895463510847
0.2375;2.3757;0.09997053500021046
0.1384;0.6467;0.21400958713468377
0.0929;1.4198;0.06543175095083814
0.3525;1.5668;0.2249808526933878
0.6140;3.2168;0.1908729171847799
0.4339;1.5319;0.2832430315294732
0.3259;4.2822;0.07610574004016628
0.0496;1.5098;0.032852033381904885
0.0984;1.5443;0.06371818947095771
0.7774;4.7572;0.16341545446901537
0.3690;4.6536;0.07929345023207839
0.4240;1.7587;0.24108716665718996
0.3756;2.0375;0.18434355828220858
0.5532;5.1601;0.10720722466618865
0.2642;3.7683;0.070111190722607
0.3421;1.8447;0.18545020870602266
0.1570;2.1161;0.07419309106374936
0.6925;1.8588;0.37255218420486336
0.2124;2.0690;0.1026582890285162
0.1672;0.9898;0.16892301475045463
0.6628;2.9993;0.22098489647584435
0.0089;0.4178;0.021302058401148873
0.3119;0.9130;0.3416210295728368
0.5878;0.6991;0.8407953082534687
0.1816;3.6546;0.0496908006348164
0.1177;0.0751;1.5672436750998668
0.4413;1.5973;0.27627872034057477
0.9024;1.5184;0.5943097997892518
0.5121;4.6911;0.10916416192364266
0.0283;0.0594;0.47643097643097637
0.6456;3.9482;0.16351755230231496
0.3823;1.9684;0.19421865474497052
0.2872;1.2705;0.22605273514364424
0.0713;0.0844;0.8447867298578199
0.4226;1.7337;0.24375612851127645
0.1403;1.9950;0.07032581453634085
0.8653;2.1617;0.4002868113059166
0.1200;1.7950;0.06685236768802229
0.0662;0.1002;0.6606786427145708
0.9472;1.4581;0.6496125094300803
0.4732;1.2992;0.36422413793103453
0.4542;1.9154;0.23713062545682365
0.0154;3.4560;0.004456018518518519
0.4175;1.8032;0.23153283052351376
0.2209;1.3996;0.15783080880251502
0.2410;1.3815;0.17444806369887803
0.4985;2.6730;0.18649457538346426
0.0580;1.8067;0.03210272873194222
0.3743;2.3103;0.1620135913084881
0.6865;3.0016;0.2287113539445629
0.7995;1.9552;0.40890957446808507
0.5022;2.0462;0.24543055419802562
0.3784;1.9801;0.19110145952224636
0.1376;0.5030;0.273558648111332
0.4188;4.7724;0.08775458888609504
0.0538;0.1870;0.2877005347593583
0.5067;4.8117;0.1053058170708897
0.0458;0.0763;0.600262123197903
0.5727;1.4679;0.39014919272430004
0.7315;3.2177;0.2273362961121298
0.1349;0.2024;0.666501976284585
0.3279;5.2144;0.06288355323718932
0.5528;3.9314;0.14061148700208576
0.6573;3.1198;0.21068658247323546
0.3106;1.5452;0.20100957804814912
0.2133;0.8435;0.25287492590397154
0.1742;0.8946;0.19472389894925107
0.5461;1.0510;0.5196003805899144
0.4811;4.3408;0.11083210468116478
0.6578;1.9560;0.3362985685071575
0.2104;1.8802;0.11190298904371875
0.1669;0.3744;0.4457799145299145
0.6262;3.8010;0.16474611944225204
0.3293;1.6483;0.19978159315658556
0.5089;4.5469;0.11192240867404166
0.8990;3.4371;0.26155770853335664
0.5956;2.0412;0.2917891436409955
0.4153;2.0861;0.19907962226163653
-0.0000;0.3269;-0.0
0.1098;0.1454;0.7551581843191196
0.5235;3.9812;0.13149301718074952
0.8868;2.5028;0.3543231580629695
0.9000;1.7157;0.5245672320335724
0.9962;1.4029;0.7101005060945185
0.1698;0.2280;0.7447368421052631
0.6555;3.7492;0.17483729862370637
0.3200;1.9073;0.1677764378965029
0.4650;1.2729;0.36530756540183834
0.4757;3.9713;0.11978445345352907
0.4989;1.3558;0.3679746275261838
0.3356;1.8772;0.17877690176859154
0.1145;1.0550;0.1085308056872038
0.3426;4.4379;0.07719867504900967
0.4257;2.4097;0.17666099514462383
0.5593;2.0200;0.2768811881188119
0.9512;2.1172;0.4492726242206688
0.7881;2.0136;0.39138855780691306
0.4397;1.3482;0.3261385551105177
0.8791;1.2317;0.7137289924494601
0.8242;1.7850;0.4617366946778712
0.6341;3.8926;0.16289883368442687
0.4967;3.7311;0.13312427970303664
0.2616;0.8423;0.31057817879615335
0.0404;0.2050;0.19707317073170733
0.4305;1.5169;0.28380249192431933
0.5157;2.3440;0.22000853242320823
0.1719;0.3572;0.4812430011198208
0.4970;3.9508;0.12579730687455704
0.4286;1.5549;0.27564473599588396
0.6794;2.3841;0.2849712679837255
0.3845;1.3262;0.28992610465993063
0.5332;2.2604;0.23588745354804458
0.5644;3.9438;0.1431107054110249
0.3427;2.5568;0.13403473091364207
0.3399;4.0081;0.08480327337142286
0.2261;4.0013;0.05650663534351336
0.5145;4.8448;0.10619633421400262
0.0612;0.1094;0.5594149908592322
0.2734;1.7041;0.16043659409659056
0.5924;3.4830;0.17008326155612977
0.1361;2.7147;0.05013445316241205
0.2202;4.3983;0.050064797762771986
0.6414;2.6195;0.2448558885283451
0.0636;0.1714;0.3710618436406068
0.8508;0.5463;1.5573860516199889
0.3601;2.1244;0.16950668424025606
0.3264;1.1188;0.29174115123346445
1.0825;3.1167;0.34732248852953446
0.7367;3.4586;0.21300526224483896
0.3084;1.4899;0.2069937579703336
0.6632;4.0499;0.16375712980567422
0.5488;1.6941;0.3239478189008913
0.9345;3.2564;0.28697334479793635
0.2809;0.1821;1.5425590334980779
0.1669;2.2559;0.07398377587659027
0.4124;1.8500;0.2229189189189189
0.6765;1.7918;0.3775532983591919
0.5391;1.2232;0.440729234793983
0.5444;4.3817;0.12424401488006936
0.5433;2.5706;0.2113514354625379
0.4336;3.1488;0.13770325203252032
0.5824;1.4860;0.39192462987886945
0.2952;1.8988;0.15546661049083632
0.4560;2.6443;0.17244639413077187
0.2830;1.3418;0.21091071694738409
0.6188;4.0131;0.1541950113378685
0.6477;3.3664;0.19240137832699622
0.6042;2.3765;0.2542394277298548
0.2144;1.2028;0.17825074825407383
0.3861;1.4182;0.2722465096601326
0.6662;3.9458;0.16883775153327588
0.2593;1.6103;0.16102589579581442
0.3854;1.2280;0.31384364820846905
0.1682;0.3807;0.44181770422905176
0.3094;2.4130;0.1282221301284708
0.5431;3.5974;0.15097014510479792
0.7156;3.0473;0.234830833852919
0.4449;4.6408;0.09586709188071023
0.1358;1.6126;0.08421183182438298
0.5665;2.5516;0.2220175576109108
0.5073;2.3912;0.21215289394446302
0.9406;2.3591;0.3987113729812216
0.0307;0.0219;1.401826484018265
0.8578;4.3446;0.19744050085163192
0.3886;4.9522;0.07847017487177416
1.1267;4.2538;0.2648690582537966
0.2201;3.2272;0.06820153693604362
0.8424;1.9452;0.4330660086366441
0.2182;3.8842;0.05617630400082385
0.5337;1.9147;0.2787381835274455
0.2323;1.7447;0.13314609961597984
0.6947;2.9603;0.2346721616052427
0.3708;1.5498;0.23925667828106853
0.1674;0.2033;0.823413674372848
0.5408;3.5452;0.15254428523073452
0.3143;3.9222;0.08013359849064301
0.6249;2.9063;0.2150156556446341
0.6581;3.8697;0.17006486290926945
0.5678;1.4688;0.386574074074074
0.3893;2.2915;0.16988871917957668
0.5445;1.6525;0.32950075642965204
0.4592;1.4658;0.3132760267430755
0.7647;4.4194;0.17303253835362264
1.0408;4.5230;0.2301127570196772
0.6264;4.2404;0.1477219130270729
0.4228;1.7014;0.2485012342776537
0.3734;2.1925;0.1703078677309008
0.3834;2.3797;0.16111274530402991
0.8279;2.1091;0.39253710113318474
0.1565;1.2389;0.12632173702478006
0.2989;1.6284;0.18355440923605992
0.4203;2.9802;0.14103080330179182
0.6677;4.0636;0.16431243232601633
0.8492;1.8006;0.47162057092080417
0.6552;2.3434;0.27959375266706493
0.8278;3.2249;0.25669012992650936
0.7846;2.3407;0.3351988721322681
0.2991;2.3431;0.12765140198881822
0.8876;3.0258;0.2933439090488466
0.2454;1.3260;0.18506787330316743
0.6304;2.0197;0.3121255632024558
0.3243;2.4556;0.13206548297768364
0.8652;4.2830;0.20200793836096193
0.6479;2.0710;0.3128440366972477
0.5973;2.8200;0.2118085106382979
0.7634;3.0993;0.24631368373503693
0.2910;0.4985;0.5837512537612838
0.5233;4.4773;0.11687847586715208
0.3207;4.2601;0.07527992300650219
0.2119;2.3388;0.09060201812895502
0.2406;1.8384;0.13087467362924282
0.5385;2.0425;0.26364749082007344
0.0571;0.8891;0.06422224721628612
0.1505;0.1618;0.9301606922126081
0.2264;1.1830;0.19137785291631443
0.6960;4.0010;0.1739565108722819
0.7277;1.7787;0.40911901950862994
0.4218;1.7664;0.23879076086956522
0.6123;2.1463;0.28528164748637186
0.0787;0.1028;0.7655642023346304
0.3170;1.5042;0.21074325222709747
0.8608;2.4063;0.3577276316336284
0.5212;2.0196;0.25807090512972863
0.1742;0.7194;0.24214623297192103
0.2068;2.3847;0.08671950350148866
0.5415;3.3837;0.1600319177232024
0.5967;4.2664;0.13986030376898556
0.5845;4.2404;0.1378407697387039
0.4684;2.3891;0.19605709262902346
0.5962;4.4454;0.1341161650245197
0.4831;3.4525;0.13992758870383779
0.4947;4.5375;0.10902479338842976
0.3856;2.4238;0.15908903374865913
0.3340;1.4672;0.2276444929116685
0.4924;2.3911;0.20593032495504163
0.1572;3.3386;0.047085604744503684
0.3256;4.3216;0.07534246575342465
0.3636;4.2300;0.08595744680851063
0.7902;2.0639;0.38286738698580364
0.5503;4.7855;0.11499320865113363
0.3957;2.0759;0.19061611831013056
0.5638;1.9379;0.2909334846999329
0.1236;3.5597;0.0347220271371183
0.0445;1.3973;0.03184713375796178
0.4572;4.9474;0.09241217609249303
0.4010;1.8724;0.2141636402478103
0.0452;0.0670;0.6746268656716418
0.3483;3.5125;0.09916014234875445
0.9375;1.6666;0.562522500900036
0.6330;4.0621;0.155830727948598
0.6716;3.0878;0.21750113349310188
0.3535;1.5772;0.22413137205173725
0.4284;2.7821;0.15398440027317495
0.6297;3.5037;0.17972429146331023
0.4531;1.4610;0.31013004791238874
0.6560;1.7504;0.3747714808043876
0.3729;4.5073;0.08273245623765892
0.5745;1.7059;0.3367723782167771
0.3175;4.2779;0.07421865868767387
0.3671;0.7729;0.47496441971794534
0.2331;3.5187;0.06624605678233439
0.5503;3.0179;0.18234533947446901
0.5228;1.8279;0.28601126976311614
0.3692;2.5955;0.14224619533808514
0.0438;1.5647;0.02799258643829488
0.4731;2.7016;0.1751184483269174
0.5873;3.9380;0.14913661757237176
0.5578;4.1116;0.1356649479521354
0.2456;1.7875;0.1373986013986014
0.0193;0.0403;0.47890818858560796
0.0581;0.3653;0.15904735833561456
0.3417;2.3238;0.14704363542473536
0.3710;3.8929;0.09530170310051632
0.3726;3.9808;0.09359927652733119
0.0495;0.0385;1.2857142857142858
0.2154;1.3482;0.159768580329328
0.5975;1.9304;0.309521342726896
0.3596;5.1615;0.06966966966966966
0.4459;1.5127;0.2947709393799167
0.3391;4.1413;0.08188250066404269
0.2684;1.8466;0.14534820751651686
0.0848;0.2195;0.38633257403189064
0.5648;5.1347;0.10999668919313689
0.8315;1.7025;0.4883994126284876
0.4083;1.7154;0.23802028681357118
0.4184;1.7758;0.23561211848181102
0.8273;4.4151;0.18737967429956287
0.0145;4.1118;0.003526436110705774
0.4143;2.3974;0.17281221323100024
0.3095;1.5750;0.19650793650793652
0.7042;1.3127;0.5364515883293974
1.0995;1.8811;0.584498431768646
0.4434;3.5412;0.12521179261267368
0.6890;2.1373;0.32236934450007015
0.1221;0.3615;0.3377593360995851
0.2912;1.4741;0.19754426429685912
0.8559;3.2102;0.2666189022490811
0.1034;0.1311;0.7887109077040428
0.7898;3.5334;0.22352408445123675
0.0915;0.0939;0.9744408945686901
0.5698;4.6745;0.12189538988127072
0.3077;2.9275;0.10510674637062338
0.2741;1.4062;0.1949224861328403
0.2721;2.6642;0.1021319720741686
0.3047;1.8671;0.163194258475711
0.3860;4.3369;0.08900366621319376
0.7396;5.2471;0.14095405080901832
0.5350;2.1446;0.24946376946749976
0.3514;1.8929;0.18564107982460773
0.4769;4.4243;0.10779106299301584
0.5170;3.9524;0.13080659852241677
0.4455;4.2622;0.10452348552390785
0.8588;4.3737;0.19635548848800785
0.3089;1.2560;0.2459394904458599
0.7470;2.0460;0.3651026392961877
0.2729;2.5562;0.10676003442610123
0.5153;0.4952;1.0405896607431342
0.7968;1.9955;0.39929842144825856
0.0622;1.6612;0.03744281242475319
0.2178;2.4727;0.08808185384397621
0.9111;1.9944;0.4568291215403129
0.6944;1.0731;0.6470971950424006
0.7121;1.7076;0.4170180370110096
0.8662;4.3225;0.20039329091960673
0.4451;1.7262;0.2578496118642104
0.7427;4.8871;0.15197151685048393
0.3575;2.7101;0.13191395151470425
0.4403;0.9111;0.48326199099989026
0.4126;2.6144;0.1578182374541004
0.0493;1.3749;0.035857153247508905
0.7142;1.4475;0.4934024179620034
0.6064;2.2225;0.2728458942632171
0.7694;3.5589;0.21619039590884823
0.0218;0.1135;0.19207048458149778
0.1134;1.8557;0.06110901546586194
0.7597;3.7399;0.203133773630311
0.4008;2.9152;0.13748627881448958
0.6695;2.6172;0.2558077334556014
0.4007;3.6103;0.1109880065368529
0.5285;4.9560;0.10663841807909603
0.5382;4.4453;0.12107169369896296
0.2646;1.7726;0.1492722554439806
0.0178;0.0372;0.478494623655914
0.4602;2.0670;0.22264150943396224
0.3119;1.8573;0.16793194422010446
0.8932;3.0386;0.29395116171921276
0.0196;1.0237;0.019146234248314933
0.4283;1.5718;0.2724901386944904
0.3744;3.6618;0.10224479764050468
0.4470;1.4916;0.2996781979082864
0.7878;5.0402;0.15630332129677393
0.1988;1.5362;0.12941023304257257
0.2612;1.3335;0.19587551556055494
0.5113;3.5166;0.14539612125348347
0.1238;1.0133;0.12217507154840618
0.5602;5.2485;0.1067352576926741
0.7401;1.4818;0.49946011607504387
0.1271;1.8986;0.06694406404719266
0.0281;2.7166;0.010343812118088786
0.5616;2.0564;0.2730986189457304
0.3401;4.6876;0.07255311886679751
0.4423;4.6433;0.09525552947257339
0.8850;3.0937;0.28606522933703976
0.7697;2.3639;0.32560599010110414
0.7166;3.1480;0.22763659466327826
0.5719;2.2940;0.2493025283347864
0.0222;1.6990;0.013066509711595056
0.3870;1.7615;0.21969912006812375
0.0041;0.0186;0.22043010752688175
0.5122;2.4025;0.2131945889698231
0.5004;3.1094;0.16093136939602495
0.1065;0.6900;0.15434782608695652
0.1977;1.6173;0.12224077165646448
0.6360;3.6976;0.17200346170488967
0.2040;2.4599;0.08293020041465099
0.4325;1.3613;0.3177110115330934
0.2412;0.2009;1.20059731209557
0.7289;3.3374;0.21840354767184034
0.0565;0.0390;1.4487179487179487
0.4898;3.9776;0.12313958165728078
0.4021;4.1340;0.09726656990807933
0.5624;4.9329;0.11401001439315615
0.0151;0.1701;0.08877131099353322
0.4963;1.5937;0.31141369140992664
0.4585;2.2209;0.20644783646269532
0.3080;2.1655;0.14223043177095357
0.2833;3.1663;0.08947351798629315
0.0218;1.7120;0.012733644859813084
0.7520;2.9171;0.2577902711597134
0.4669;3.2236;0.1448380692393597
0.5262;2.0646;0.25486777099680324
0.2699;1.0068;0.2680770758839889
0.3054;4.2988;0.07104308179026705
0.9952;3.4624;0.2874306839186691
0.3589;3.9723;0.09035067844825416
0.4798;2.5136;0.19088160407383833
0.7132;3.7738;0.18898722772801949
0.2045;4.4561;0.045892147842283605
0.0106;0.0363;0.29201101928374656
0.3559;1.8942;0.18788934642593177
0.3279;1.3840;0.23692196531791912
0.5535;3.3685;0.1643164613329375
0.4598;1.5224;0.3020231213872832
0.5694;2.1467;0.26524432850421575
0.4807;0.3997;1.2026519889917437
0.1913;0.4775;0.4006282722513089
0.7710;3.4765;0.2217747734790738
0.3835;2.6304;0.14579531630170317
0.2794;3.8745;0.07211253064911602
0.2262;0.3102;0.7292069632495165
0.9089;3.0489;0.2981075141854439
0.6804;4.5224;0.1504510879179197
0.4729;2.4336;0.19432117028270873
0.3420;1.6229;0.21073387146466205
0.4067;1.5005;0.27104298567144286
0.7627;4.7077;0.16201117318435757
0.1182;1.2843;0.09203457136183135
0.0102;0.5700;0.017894736842105265
0.4821;4.4849;0.10749403554148365
0.4672;2.6892;0.17373196489662354
0.8280;4.2307;0.1957122934738932
0.8708;3.9185;0.222227893326528
0.3141;3.7606;0.08352390575971919
0.5766;1.6273;0.3543292570515578
0.5335;3.8439;0.13879133172038813
0.2699;1.4108;0.19130989509498156
0.0078;0.0114;0.6842105263157894
0.3237;1.3249;0.24432032606234433
0.0650;2.2819;0.028485034401156933
0.4752;1.9005;0.2500394632991318
0.4909;4.3228;0.11356065513093365
0.2378;1.2698;0.18727358639155772
0.3177;2.1895;0.1451016213747431
0.5223;2.8117;0.18575950492584556
0.0998;0.1373;0.7268754552075746
0.2962;1.7134;0.17287265086961598
0.2971;4.7396;0.0626846147354207
0.5280;3.9961;0.13212882560496483
0.3806;2.6597;0.14309884573448134
0.7827;3.6470;0.2146147518508363
0.1847;0.6328;0.2918773704171934
0.7243;2.6368;0.2746890169902913
0.5418;5.7747;0.09382305574315547
0.1369;0.1101;1.243415077202543
0.4695;1.3836;0.3393321769297485
0.7191;3.5637;0.20178466200858658
0.0132;0.2069;0.06379893668438859
0.6687;1.8541;0.360660158567499
0.3066;3.9934;0.07677668152451544
0.0503;0.0693;0.7258297258297258
0.5626;2.1335;0.26369814858214197
0.2558;1.5121;0.1691687057734277
0.4275;4.6720;0.0915025684931507
0.7153;1.9225;0.3720676202860858
0.6504;4.6921;0.13861597152660854
0.4692;1.8760;0.25010660980810234
0.2405;1.0595;0.2269938650306748
0.2666;1.0677;0.24969560738035027
0.6673;4.4948;0.14846044317878437
0.4405;0.5534;0.7959884351282978
0.3113;2.8082;0.11085392778292145
0.7362;4.4176;0.16665157551611734
0.5545;2.6572;0.20867830799337647
0.5377;4.4911;0.11972567967758453
0.1801;2.2666;0.07945821935939293
0.1172;0.1341;0.8739746457867263
0.0531;0.4392;0.1209016393442623
0.3164;0.1391;2.2746225736879944
0.3041;3.5256;0.0862548218742909
0.4277;1.7491;0.24452575610313876
0.1638;1.3371;0.1225039264078977
0.4301;3.2627;0.1318233365004444
0.6004;0.8087;0.7424261159886238
0.5352;4.6416;0.11530506721820061
0.5745;2.1455;0.2677697506408762
0.0442;0.3304;0.1337772397094431
0.5128;5.2823;0.09707892395358082
0.1667;1.0270;0.162317429406037
0.7745;4.5840;0.16895724258289704
0.0219;0.1140;0.19210526315789472
0.3089;2.9028;0.10641449634835332
0.4660;3.4697;0.13430555955846327
0.8898;2.3098;0.38522815828210233
0.5104;3.6254;0.14078446516246482
0.6001;1.0894;0.55085368092528
0.3174;0.6978;0.4548581255374033
0.6958;1.5892;0.43783035489554495
0.7992;1.9240;0.4153846153846154
0.1695;0.3621;0.4681027340513671
0.3403;1.3675;0.24884826325411336
0.8842;4.6414;0.19050286551471537
0.2798;1.6695;0.16759508834980533
0.5591;1.0575;0.5286997635933806
0.3613;3.8929;0.09280998741298262
0.3660;2.0695;0.17685431263590237
0.2044;3.2271;0.06333860122091041
0.2871;1.5868;0.18093017393496347
0.3253;1.8394;0.17685114711318908
0.7898;2.0715;0.3812696113927106
0.1530;1.5754;0.09711819220515425
0.0674;0.1876;0.35927505330490406
0.7323;4.0993;0.17864025565340422
0.4569;2.8025;0.1630330062444246
0.5901;2.7502;0.2145662133663006
0.8287;2.0318;0.40786494733733636
0.3412;2.5714;0.13269036322625807
0.2212;1.0862;0.20364573743325354
0.1560;1.0700;0.14579439252336449
0.8817;4.3743;0.2015636787600302
0.7873;3.8891;0.20243758195983647
0.8586;2.7119;0.31660459456469636
0.6090;1.5556;0.39148881460529694
0.2774;4.1375;0.0670453172205438
0.1466;0.2414;0.6072908036454019
0.4358;4.0046;0.10882485142086601
0.6695;1.5018;0.4457983752829937
0.5054;1.8520;0.27289416846652265
0.1086;0.2486;0.43684633950120677
0.3367;0.5676;0.593199436222692
0.3729;2.0107;0.18545780076590243
0.3992;1.1893;0.33565963171613555
0.7486;2.4727;0.3027459861689651
0.6140;2.5469;0.24107738819741648
0.5325;1.6141;0.32990521033393216
0.3084;2.7119;0.11372100741177772
0.0143;0.0107;1.3364485981308412
0.6101;1.5509;0.3933844864272358
0.6717;2.1651;0.31023971179160315
0.2668;1.3218;0.20184596761991222
0.0207;2.7455;0.0075396102713531235
0.1499;0.3267;0.4588307315580043
0.1121;1.0633;0.10542650239819432
0.6162;0.9553;0.6450329739348895
0.7613;3.6892;0.20635910224438903
0.4251;3.0248;0.14053821740280348
0.3556;1.8496;0.19225778546712805
0.4573;3.6604;0.12493170145339307
0.6053;3.5554;0.17024807335320918
0.2131;1.4805;0.14393785883147586
0.5050;2.8768;0.17554226918798665
0.7545;2.7795;0.2714516999460334
0.1347;0.1686;0.7989323843416369
0.5068;4.6834;0.10821198274757655
0.7096;4.2676;0.1662761270971975
0.3159;4.8737;0.06481728460922913
0.4953;3.7119;0.1334357067808939
0.2312;3.9527;0.058491663925924045
0.3766;4.1223;0.09135676685345559
0.2497;1.3372;0.18673347292850734
0.5852;3.0400;0.1925
0.7471;1.5883;0.47037713278347915
0.6816;2.5578;0.26647900539526154
0.5793;4.1728;0.1388276457055215
0.4506;4.5052;0.10001775725827931
0.8139;2.0964;0.388236977676016
0.5542;4.0714;0.136120253475463
0.8301;3.8902;0.2133823453807002
0.0552;0.1003;0.5503489531405783
0.4899;0.7539;0.6498209311579785
0.7278;4.1402;0.17578860924593015
0.6568;4.3308;0.15165789230627136
0.1946;1.3852;0.14048512850129946
0.4650;1.3498;0.3444954808119721
0.3028;1.6724;0.1810571633580483
0.1563;0.2378;0.6572750210260723
0.9062;2.6465;0.34241450972983184
0.2906;1.3741;0.21148388035805255
0.4128;1.6937;0.24372675208124225
0.4652;1.7054;0.2727805793362261
0.1466;1.3818;0.10609350123027936
0.8172;1.8139;0.45052097690060094
0.7307;3.6272;0.20145015438906042
0.3867;3.5938;0.10760198118982693
0.1903;1.9628;0.09695333197472997
0.5329;2.0582;0.2589155572830629
0.4549;1.7770;0.25599324704558246
0.6796;2.4653;0.27566624751551533
0.1579;2.2473;0.07026209228852401
0.3663;2.3894;0.1533020842052398
0.3197;0.9636;0.3317766708177667
0.4100;3.2547;0.1259716717362583
0.5521;3.7756;0.14622841402690964
0.2900;1.8139;0.1598765091791168
0.0552;0.0575;0.96
0.6014;3.0272;0.1986654334038055
0.5850;1.8722;0.3124666168144429
0.6223;1.9071;0.3263069582087987
0.3072;1.5345;0.20019550342130984
1.6883;3.8298;0.4408324194474907
0.1540;0.2380;0.6470588235294118
0.3176;1.7372;0.1828229334561363
0.5321;0.9094;0.5851110622388388
0.1009;2.1678;0.04654488421441092
0.7690;3.4607;0.22220937960528217
0.4475;1.8469;0.2422979045968921
0.6296;3.0136;0.20891956464029734
0.4633;2.1007;0.2205455324415671
0.2183;1.7327;0.12598834189415364
0.7000;1.7600;0.3977272727272727
0.1462;0.3135;0.46634768740031896
0.1277;0.1607;0.7946484131922837
0.3465;2.0371;0.17009474252614007
0.1004;0.2138;0.4695977549111319
0.0224;0.0300;0.7466666666666667
0.1901;0.4135;0.45973397823458284
0.5077;2.4985;0.20320192115269164
0.5044;2.8411;0.17753686952236808
0.0913;0.0597;1.5293132328308208
0.3786;1.6331;0.23182903680117567
0.7308;2.2553;0.3240367135192657
0.4102;3.4123;0.12021217360724439
0.3363;0.6302;0.5336401142494446
0.3758;0.6919;0.5431420725538373
0.3430;2.3483;0.14606310948345613
0.4697;4.4999;0.10438009733549634
0.4713;1.7990;0.26197887715397444
0.8804;4.1888;0.21017952635599696
0.4900;1.6625;0.29473684210526313
0.4803;4.5391;0.10581392787116388
0.5986;4.3937;0.1362405262079796
0.3134;0.2844;1.1019690576652603
0.1443;0.1512;0.9543650793650794
0.5185;1.5836;0.32741854003536247
0.0394;0.0323;1.219814241486068
0.6119;1.3763;0.4445978347743951
0.2641;1.5304;0.17256926293779404
0.3015;2.4349;0.12382438703848207
0.9477;4.3473;0.2179973776826996
0.7575;1.9480;0.38886036960985626
0.2842;0.7788;0.36492039034411916
0.3929;3.0782;0.127639529595218
0.1962;1.6259;0.12067162802140355
0.6357;2.2541;0.28201943125859547
0.8866;4.4124;0.20093373220922855
0.1563;2.2466;0.06957179738271166
0.1693;0.4099;0.41302756769943894
0.3646;2.4630;0.1480308566788469
0.5487;3.9010;0.14065624198923352
0.4236;2.7135;0.15610834715312327
0.4285;3.3438;0.1281476164842395
0.3739;3.8349;0.09749928290177058
0.4906;2.8778;0.1704774480505942
0.6099;3.1048;0.196437773769647
0.2602;0.9905;0.26269560827864713
0.5556;3.4899;0.15920226940600016
0.5562;3.9765;0.13987174651075066
0.5419;3.7114;0.14600959206768338
0.0405;1.7113;0.023666218664173434
0.0562;1.1407;0.04926799333742438
0.3029;4.1607;0.07280024995793977
0.7447;0.9723;0.7659158695875758
0.2873;3.8105;0.07539692953680618
0.3375;4.2317;0.07975518113287805
0.0327;0.0613;0.533442088091354
0.7698;1.6787;0.4585691308750819
0.5218;3.4988;0.14913684691894363
0.2456;2.0188;0.1216564295621161
0.5075;4.1526;0.12221258970283677
0.1279;0.1886;0.6781548250265113
0.3000;0.2314;1.296456352636128
0.4829;4.2938;0.1124644836741348
0.2171;1.2929;0.16791708562147112
0.3314;1.5409;0.21506911545200855
0.8205;4.4201;0.18562928440533022
0.6572;1.5684;0.4190257587350166
0.2080;0.9932;0.2094240837696335
0.6646;2.3055;0.2882671871611364
0.1187;1.2595;0.09424374751885668
0.1274;0.4181;0.3047117914374552
0.5117;4.4349;0.1153802791494735
0.4586;1.8401;0.24922558556600186
0.0978;0.1813;0.5394373965802537
0.3982;4.7551;0.08374166684191711
0.6122;2.3711;0.2581924001518282
0.2249;0.7425;0.3028956228956229
0.4811;2.0928;0.22988340978593275
0.8335;4.4265;0.18829775217440417
0.2455;2.5353;0.0968327219658423
0.0884;2.0513;0.043094622922049436
0.3081;2.2559;0.13657520280154262
0.7226;3.1072;0.23255664263645726
0.7048;2.3774;0.2964583158071843
0.2304;4.2413;0.05432296701483036
0.4753;3.7664;0.12619477485131692
0.5022;1.4004;0.358611825192802
0.3297;1.0021;0.3290090809300469
0.3429;0.6102;0.5619469026548672
0.6723;1.7484;0.38452299245024024
0.2753;0.4174;0.659559175850503
0.4656;2.6694;0.17442121825129242
0.5101;0.7668;0.6652321335419926
0.0862;0.1133;0.7608120035304501
0.3636;4.6761;0.07775710528004105
0.5540;1.4178;0.39074622654817326
0.7268;3.5550;0.20444444444444443
0.5339;4.2499;0.12562648532906656
0.5689;2.0412;0.27870860278267684
0.8482;4.3688;0.19414942318256728
0.4840;1.8946;0.2554628945423836
0.1659;0.1961;0.8459969403365629
0.2039;0.2288;0.8911713286713286
0.0500;0.0984;0.508130081300813
0.6092;2.5379;0.24004097876196853
0.0385;0.1333;0.2888222055513878
0.4810;0.7644;0.6292517006802721
0.3800;2.7590;0.1377310619789779
0.7075;4.3000;0.16453488372093025
0.0050;0.0296;0.16891891891891891
0.5406;1.8998;0.2845562690809559
0.4606;2.1122;0.21806647097812706
0.2992;0.5352;0.5590433482810164
0.4810;1.0949;0.4393095259841081
0.8773;2.5751;0.3406857986097627
0.2207;1.3753;0.1604740783828983
0.1076;0.7487;0.143715774008281
0.0359;0.0678;0.5294985250737463
0.4638;4.4140;0.1050747621205256
0.5752;4.5588;0.126173554444152
1.0281;2.5962;0.39600184885602036
0.1967;0.6156;0.3195256660168941
0.1857;1.7033;0.10902365995420654
0.8399;3.1494;0.2666857179145234
0.3587;3.2044;0.11193983272999626
0.0184;0.0333;0.5525525525525525
0.1402;1.5176;0.09238270954138111
0.6867;4.2294;0.16236345580933464
0.7632;1.8336;0.4162303664921466
0.6460;2.9223;0.22105875509016873
0.2619;0.8046;0.325503355704698
0.6823;2.1002;0.32487382154080563
0.2782;3.3736;0.08246383685084183
0.5408;3.1736;0.17040584824804636
0.9566;4.3736;0.2187214194256448
0.4056;1.4249;0.2846515544950523
0.0703;1.7587;0.03997270711320862
0.5309;1.6121;0.3293220023571739
0.6539;1.8746;0.3488210818307906
0.4172;4.4488;0.0937780974644848
0.2290;1.4151;0.16182601936258922
0.7741;4.0397;0.1916231403322029
0.1311;1.0211;0.1283909509352659
0.4714;4.6378;0.1016430203976023
0.4979;3.6460;0.13656061437191444
0.8475;1.5441;0.5488634155818923
0.2040;1.3422;0.15198927134555207
0.3543;1.4510;0.24417643004824258
0.2739;0.3849;0.7116134060795011
0.3617;1.6507;0.21911916156781971
0.1858;0.4592;0.40461672473867594
0.1602;1.6405;0.09765315452605913
0.8119;4.0507;0.20043449280371292
0.0972;1.6813;0.05781240706596086
0.6869;1.9354;0.3549137129275602
0.6119;3.4016;0.17988593603010347
0.4146;1.9116;0.21688637790332707
0.5950;4.1861;0.14213707269296003
0.4846;1.9973;0.24262754718870472
0.2644;1.7341;0.1524710224323857
0.4795;1.5208;0.3152945817990531
0.0616;0.0961;0.6409989594172737
0.2937;0.6516;0.45073664825046045
0.5016;0.9521;0.5268354164478521
0.3103;3.6153;0.08582966835394021
0.1016;1.8916;0.05371114400507507
0.6917;1.4675;0.4713458262350937
0.9021;2.5154;0.358630834062177
0.7350;1.9082;0.3851797505502568
0.2479;1.6251;0.15254445880253523
0.8383;3.4842;0.24060042477469723
0.8376;4.4513;0.18816974816345788
0.3129;1.8377;0.17026718180334116
0.4484;3.5175;0.1274769012082445
0.2031;1.2826;0.15835022610322783
0.9392;2.7386;0.34294895201927994
0.4016;2.0052;0.2002792738878915
0.8791;4.2770;0.2055412672433949
0.6882;1.4213;0.4842046014212341
0.1430;0.1226;1.166394779771615
0.3266;3.8403;0.08504543915839909
0.3787;1.4952;0.2532771535580524
0.9021;3.3375;0.2702921348314607
0.5529;4.7501;0.11639754952527315
0.1857;2.1628;0.08586092102829666
0.0642;1.5128;0.042437863564251714
0.4474;1.7470;0.25609616485403547
0.5890;1.4340;0.4107391910739191
0.2988;1.4981;0.1994526400106802
0.1054;0.6396;0.16479049405878674
0.7561;4.3559;0.17358066071305586
0.0507;1.3417;0.03778788104643363
0.4828;1.4812;0.3259519308668647
0.7607;1.6932;0.44926765887077724
0.4084;1.7446;0.23409377507738163
0.8516;1.6859;0.5051307906756035
0.2254;2.3709;0.09506938293475052
0.3544;3.9682;0.08931001461619878
0.3336;4.3801;0.07616264468847744
0.7548;2.1082;0.358030547386396
0.2902;1.8414;0.15759748017812536
0.0081;-0.0000;0
0.1728;2.1416;0.0806873365707882
0.1071;2.1217;0.050478389970306826
0.1569;1.4949;0.10495685330122417
0.0029;0.1520;0.019078947368421053
0.2783;3.7578;0.0740592900101123
0.2758;2.4281;0.11358675507598533
0.4046;4.1047;0.09856993202913733
0.0955;0.1139;0.8384547848990342
0.7292;3.4035;0.21425003672689877
0.2939;4.0088;0.07331370983835561
0.4338;4.3787;0.09907050037682417
0.2402;1.7290;0.13892423366107576
0.4801;1.5583;0.3080921517037798
0.1682;0.5769;0.29155832899982664
0.4234;2.1038;0.2012548721361346
0.4108;1.7907;0.22940749427598148
0.2584;4.7207;0.054737644840807516
0.2471;4.3357;0.05699195055008418
0.7101;1.0894;0.6518266935928034
0.0652;0.8826;0.07387264899161566
0.4257;2.0077;0.21203367036907908
0.4475;1.1826;0.378403517672924
0.1975;1.1126;0.17751213374078734
0.2378;2.5766;0.09229216797329814
0.4051;0.9237;0.43856230377828304
0.2833;1.7302;0.16373829615073401
0.4871;0.6739;0.7228075382104169
0.3662;3.8687;0.0946571199627782
0.6496;4.0357;0.16096340164035977
0.8187;3.1792;0.2575176144942124
0.1643;1.8804;0.08737502659008721
0.3368;1.5350;0.21941368078175896
0.4447;1.9867;0.22383852619922484
0.4550;1.3765;0.33054849255357793
0.5865;1.2936;0.45338589981447125
0.8062;1.9189;0.4201365365574027
0.2460;1.1261;0.21845306811118015
0.9117;3.6300;0.2511570247933884
0.1860;1.8540;0.10032362459546924
0.8159;2.0026;0.4074203535403974
0.5039;3.9647;0.12709662773980376
0.5156;2.5455;0.20255352582989586
0.4498;4.2037;0.10700097533125578
0.2992;0.3582;0.835287548855388
0.2328;1.7886;0.13015766521301578
0.5277;4.0483;0.13035101153570633
0.2312;1.7753;0.13023151016729564
0.2176;1.6183;0.13446208984737068
0.2976;0.4503;0.6608927381745503
0.0043;1.7998;0.0023891543504833868
0.3971;4.7964;0.08279126011175048
0.6104;3.8851;0.15711307302257344
0.3221;2.5527;0.12618012300701217
0.0622;0.1025;0.6068292682926829
0.4900;3.9720;0.12336354481369587
0.0277;1.6933;0.016358589736018423
0.9130;4.4006;0.20747170840339954
0.1853;1.5399;0.12033248912267029
0.6854;3.5290;0.19421932558798527
0.1976;2.5848;0.07644692045806252
0.7600;3.9640;0.1917255297679112
0.0823;1.6903;0.04868958173105366
0.4672;2.2056;0.21182444686253174
0.6390;4.9968;0.12788184438040345
0.3313;1.6010;0.20693316677076826
0.5618;1.6117;0.3485760377241422
0.4585;3.4448;0.13309916395726895
0.4248;1.3356;0.3180592991913747
0.6637;2.4356;0.2724995894235506
0.4506;1.7213;0.2617788880497299
0.6518;1.7088;0.381437265917603
0.1458;3.5010;0.04164524421593831
0.1813;0.2928;0.6191939890710382
0.4385;3.7397;0.11725539481776613
0.5637;4.6615;0.1209267403196396
0.2025;2.0958;0.0966218150586888
0.0225;0.0450;0.5
0.0826;0.0769;1.0741222366710015
0.5190;2.9789;0.17422538520930547
0.5413;4.6907;0.11539855458673547
0.2566;1.5831;0.16208704440654412
0.0828;0.1210;0.684297520661157
0.3385;1.4597;0.23189696512982122
0.7829;4.4473;0.17603939468891236
0.2206;1.6889;0.13061756172656758
0.0599;0.1609;0.3722809198259789
0.5433;2.0559;0.2642638260615789
0.2257;2.0233;0.11155043740424062
0.2123;1.4204;0.149464939453675
0.8547;2.0271;0.42163682107444134
0.2896;2.6512;0.10923355461677732
0.4902;0.9038;0.5423766319982297
0.3069;1.6074;0.19092945128779396
0.5311;0.8595;0.6179173938336242
0.4780;4.7063;0.10156598601874084
0.3224;1.6229;0.19865672561464046
0.5720;4.0875;0.13993883792048928
0.2719;4.4429;0.06119876657138355
0.2370;1.2878;0.18403478801056064
0.0452;0.1221;0.37018837018837014
0.4596;1.7575;0.2615078236130868
0.6127;1.9590;0.3127616130678918
0.0240;0.1098;0.21857923497267762
0.1484;1.5824;0.09378159757330637
0.4886;4.3313;0.11280677856532681
0.6020;3.3916;0.17749734638518694
0.7579;4.2909;0.17662961150341422
0.0789;1.4996;0.052614030408108824
0.4342;1.9801;0.21928185445179535
0.5819;3.3301;0.17473949731239302
0.4347;4.3190;0.1006482982171799
0.3192;0.6100;0.5232786885245901
0.4570;4.2585;0.10731478220030528
0.6256;3.8425;0.1628106701366298
0.6497;2.0497;0.3169732155925257
0.0260;0.0881;0.29511918274687854
0.5833;3.7622;0.15504226250598055
0.0394;2.5241;0.015609524186838874
0.2136;4.5432;0.04701531959852087
0.2523;4.5828;0.055053678973553295
0.7982;4.6456;0.17181849491992424
0.8283;2.1133;0.39194624520891497
0.1042;0.1660;0.6277108433734939
0.1686;0.3254;0.5181315304240934
0.1345;0.2150;0.6255813953488373
0.5554;1.7581;0.3159092201808771
0.6082;4.4723;0.13599266596605775
0.5029;4.6752;0.10756759069130732
0.4330;3.2587;0.13287507288182404
0.2092;0.7078;0.29556371856456626
0.4502;1.6829;0.2675144096500089
0.7764;4.2802;0.18139339283211064
0.3309;0.3340;0.9907185628742515
0.0471;0.0891;0.5286195286195287
0.4305;1.5621;0.2755905511811024
0.7925;3.3562;0.23613014719027473
-0.0000;0.0656;-0.0
0.3717;4.6291;0.0802963859065477
0.1316;1.0822;0.12160413971539455
0.2345;2.0654;0.11353732933088022
0.2736;1.4149;0.19337055622305463
0.5649;4.1366;0.13656142725910167
0.5900;2.4396;0.24184292506968355
0.4898;1.4164;0.34580626941541937
0.0385;0.1417;0.27170077628793227
0.4616;1.5468;0.2984225497801914
0.0565;1.3690;0.041271000730460194
0.4388;0.4206;1.0432715168806468
0.6548;2.2702;0.2884327372037706
0.3665;2.1809;0.16804988766105738
0.4047;1.3162;0.30747606746695033
0.3199;2.0936;0.1527990064959878
0.2118;4.6321;0.04572440145938127
0.6289;1.4373;0.43755652960411884
0.7716;2.2675;0.34028665931642776
0.3816;2.6651;0.14318412067089417
0.4535;1.9028;0.23833298297246164
0.2711;0.5441;0.49825399742694354
0.5268;1.7155;0.3070824832410376
0.4930;2.6456;0.18634714242515876
0.2293;1.9275;0.11896238651102464
0.3227;3.8397;0.08404302419459853
0.2035;1.5845;0.12843168191858628
0.3814;1.9075;0.1999475753604194
0.5873;4.4084;0.13322293802740223
0.5754;1.2626;0.45572627910660546
0.4831;2.7463;0.17590940538178637
0.2873;1.8736;0.15334116140051238
0.2642;1.6916;0.1561834949160558
0.3983;4.3418;0.0917361462987701
0.0857;0.1589;0.5393329137822529
0.4938;2.2535;0.2191258043044154
0.1245;0.3399;0.3662842012356576
0.8089;3.0158;0.26822070429073547
0.8318;2.1466;0.387496506102674
0.3649;1.4811;0.24637094051718317
0.2765;1.0514;0.26298268974700406
0.7205;2.1863;0.32955221149887937
0.1452;0.2358;0.6157760814249363
0.4351;2.1308;0.20419560728364936
0.3808;1.4635;0.26019815510761873
0.7407;99.0000;0.007481818181818182
0.7349;2.3861;0.30799212103432383
0.8009;3.9811;0.2011755544949888
0.4662;3.8651;0.12061783653721767
0.6480;3.9810;0.1627731725697061
0.7082;1.9044;0.3718756563747112
0.8768;3.8911;0.22533473824882425
0.6510;3.7400;0.17406417112299466
0.1316;0.1120;1.1749999999999998
0.8806;4.3541;0.20224615879286192
0.3527;2.1737;0.16225790127432488
0.0086;1.1361;0.007569756183434556
0.4757;1.6457;0.2890563286139637
1.2189;1.5367;0.7931932062211233
0.0302;1.8338;0.016468535281928237
0.7811;2.0550;0.3800973236009732
0.5790;1.4116;0.41017285349957494
0.5887;3.4056;0.17286234437397227
0.3410;2.6735;0.12754815784552084
0.1755;2.0262;0.08661533905833581
0.1630;1.1861;0.1374251749430908
0.1317;0.4592;0.28680313588850176
0.8829;2.9668;0.2975933665902656
0.3590;1.7842;0.20121062661136643
0.2785;2.3190;0.12009486847779216
0.2127;1.3380;0.15896860986547084
0.7681;2.7685;0.2774426584793209
0.0241;0.0395;0.610126582278481
0.3041;3.3210;0.09156880457693464
0.5116;4.1091;0.12450414932710328
0.3903;2.7821;0.14028970921246542
0.0988;0.1391;0.7102803738317757
0.1586;4.4875;0.035342618384401114
0.6325;3.2717;0.19332457132377662
0.3168;3.3080;0.0957678355501814
0.2797;0.8519;0.328324920765348
0.7084;3.5948;0.19706242350061198
0.5957;4.4134;0.1349753024878778
0.0422;0.5789;0.07289687338054933
0.3346;1.4899;0.22457883079401303
0.3251;1.9381;0.167741602600485
0.1773;1.7078;0.10381777725729009
0.7517;4.0618;0.18506573440346646
0.3943;3.3281;0.11847600733151047
0.5846;4.1416;0.14115317751593587
0.7127;4.0680;0.175196656833825
0.2914;1.8134;0.1606926215947943
0.5191;3.8056;0.13640424637376497
0.8086;4.1623;0.19426759243687383
0.4054;1.8709;0.21668715591426585
0.0778;1.9446;0.04000822791319551
0.0434;0.1104;0.39311594202898553
0.4854;4.7934;0.10126423832770058
0.3242;2.0752;0.15622590593677715
0.3510;1.6851;0.20829624354637705
0.1539;0.0800;1.92375
0.2684;1.2844;0.20896916848333855
0.9243;3.7726;0.24500344589937972
0.5552;1.8319;0.3030733118620012
0.1044;0.1506;0.6932270916334661
0.3429;3.0214;0.11349043489772953
0.6392;2.4657;0.2592367279068824
0.0197;0.0428;0.46028037383177567
0.4822;4.7210;0.1021393772505825
0.6775;2.2885;0.2960454446143762
0.0167;0.0563;0.29662522202486674
0.1293;1.3565;0.09531883523774419
0.7718;4.7470;0.16258689698757112
0.4205;0.7409;0.5675529761101363
0.3302;2.1715;0.15206078747409624
0.1674;0.4049;0.41343541615213636
0.5132;3.0029;0.17090146192014385
0.6177;1.6693;0.3700353441562332
0.1891;1.3656;0.1384739308728764
0.2477;1.8602;0.13315772497580905
0.1209;1.4178;0.08527295810410496
0.1646;1.6088;0.102312282446544
0.1672;1.3761;0.12150279776179054
0.1691;0.4349;0.38882501724534374
0.3359;0.6584;0.5101761846901579
0.2958;1.7913;0.1651314687657009
0.1524;3.6236;0.042057622254111936
0.1442;0.3657;0.39431227782335243
0.2968;1.4665;0.20238663484486874
0.6864;4.0017;0.17152710098208263
0.8006;4.2628;0.18781082856338555
0.5253;0.9233;0.5689375067691974
0.3593;2.5797;0.1392797612125441
0.8766;3.7732;0.23232269691508534
0.1028;0.1689;0.6086441681468325
0.4358;1.5299;0.28485521929537877
0.6746;1.5358;0.43924990233103267
0.7995;3.9439;0.2027181216562286
0.4139;3.5814;0.115569330429441
0.7188;4.2507;0.16910155974310112
0.3032;2.3669;0.1281000464742913
0.6845;3.4253;0.19983651067059818
0.4173;1.3871;0.30084348641049674
0.3742;3.3079;0.11312312947791649
0.5883;5.1918;0.11331330174505953
0.5676;1.4679;0.38667484161046395
0.3168;1.5229;0.2080241644231401
0.4610;1.6448;0.2802772373540856
0.2248;0.2959;0.7597161203109158
0.2271;1.5193;0.14947673270585138
0.3239;1.5759;0.20553334602449394
0.1866;0.5389;0.3462609018370755
0.0599;1.8990;0.03154291732490785
0.4502;0.7464;0.6031618435155413
0.7871;4.8973;0.1607212137300145
0.1417;0.4437;0.31935992787919765
0.1813;2.6373;0.06874454934971372
0.5447;2.1814;0.24970202622169246
0.8422;4.7560;0.17708158116063918
0.1794;1.0097;0.1776765375854214
0.5418;4.4981;0.12045085702852314
0.4077;3.1257;0.13043478260869565
0.0984;0.6124;0.16067929457870672
0.0667;1.5754;0.04233845372603783
0.1765;2.1483;0.08215798538379183
0.0055;0.0526;0.10456273764258554
0.2060;3.6801;0.05597673976250645
0.7488;2.6964;0.27770360480640854
0.5636;1.1017;0.5115730235091223
0.0454;0.5208;0.08717357910906298
0.6786;4.1932;0.16183344462463034
0.3279;1.5798;0.2075579187238891
0.9170;4.1560;0.22064485081809435
0.8156;1.7362;0.4697615482087317
0.1475;0.1677;0.8795468097793679
0.1595;4.1841;0.038120503812050385
0.4138;1.3650;0.30315018315018316
0.5652;3.9402;0.1434444952032892
0.3624;1.4863;0.24382695283590125
0.2395;0.2730;0.8772893772893772
0.6584;2.1656;0.3040265977096417
0.2576;1.4601;0.17642627217313883
0.1195;0.1066;1.1210131332082551
0.4847;4.4255;0.10952434753135239
0.2287;0.6620;0.3454682779456193
0.7601;3.6195;0.2100013814062716
0.6862;4.1593;0.16497968408145602
0.1834;0.9559;0.19186107333403077
0.1366;0.2219;0.615592609283461
0.3180;3.4228;0.09290639242725254
0.1874;2.4817;0.07551275335455535
0.7203;2.6563;0.271166660392275
0.4401;1.4920;0.2949731903485255
0.2962;0.7826;0.37848198313314596
0.8653;2.5902;0.334066867423365
0.6808;2.0397;0.3337745746923567
0.1958;0.1533;1.2772341813437704
0.1574;1.1842;0.13291673703766257
0.3587;1.4211;0.2524101048483569
0.3052;2.3076;0.13225862367828048
0.3112;2.1383;0.14553617359584714
0.7662;2.1625;0.3543121387283237
0.8589;2.2377;0.3838316128167315
0.2930;0.7451;0.3932358072741914
0.6632;4.5105;0.1470346968185345
0.7165;4.1786;0.17146891303307327
0.4352;1.2466;0.34910957805230225
0.6948;4.4429;0.15638434355938688
0.4702;4.6138;0.1019116563353418
0.0935;1.2226;0.07647636185179127
0.2083;1.6743;0.1244102012781461
0.1807;0.7731;0.2337343163885655
0.8496;4.2660;0.19915611814345993
0.3504;1.8971;0.18470296768752306
0.2290;1.3690;0.1672753834915997
0.1564;0.2463;0.6349979699553391
0.3662;1.5277;0.23970674870720693
0.5238;2.6308;0.19910293446860275
0.1873;2.2897;0.08180110931563087
0.0937;1.8108;0.051745085045283856
0.4531;2.8018;0.16171746734242273
0.4339;3.5362;0.12270233584073299
0.1032;0.2438;0.4232977850697293
0.3243;3.1621;0.10255842636222762
0.2712;1.6867;0.1607873362186518
0.4741;3.1888;0.1486766181635725
0.7016;1.9550;0.35887468030690534
0.7563;4.5679;0.16556842312660083
0.6416;3.7579;0.17073365443465766
0.0248;0.0439;0.5649202733485194
0.2054;0.2688;0.7641369047619048
0.2298;1.2494;0.183928285577077
0.5702;2.4440;0.2333060556464812
0.1868;1.4635;0.127639221045439
0.0285;0.0332;0.858433734939759
0.2912;1.2577;0.2315337520871432
0.1282;0.9276;0.13820612332902113
0.2404;2.0523;0.1171368708278517
0.4893;0.9257;0.5285729718051205
0.5127;3.7197;0.1378336962658279
0.3449;1.4773;0.23346645908075542
0.2158;0.2368;0.9113175675675675
0.3545;1.5215;0.23299375616168252
0.2453;4.0580;0.06044849679645145
0.8608;3.8487;0.2236599371216255
0.0789;1.4979;0.05267374324053675
0.5874;3.8060;0.15433526011560694
0.8095;5.1207;0.15808385572285039
0.1785;1.1561;0.15439840844217628
0.2606;1.7244;0.1511250289955927
0.5318;2.6739;0.1988855230188115
0.2700;4.0140;0.06726457399103139
0.1055;0.5997;0.1759212939803235
0.7509;4.4041;0.1705002157080902
0.2333;0.6350;0.3674015748031496
0.2738;2.9196;0.09377996985888477
0.7416;2.7026;0.2744024272922371
0.3270;3.1644;0.10333712552142586
0.2944;3.9801;0.07396799075400115
0.7553;3.3394;0.2261783553931844
0.4160;1.8123;0.22954257021464436
0.1865;2.8387;0.06569908761052595
0.1559;1.5839;0.09842793105625355
0.4195;0.3538;1.1856981345392876
0.7043;1.6851;0.41795739125274467
0.3864;1.6901;0.22862552511685702
0.0352;0.7761;0.04535498002834686
0.3198;1.8363;0.1741545499101454
0.2807;0.6996;0.40122927387078333
0.2592;2.0438;0.12682258538017419
0.2474;1.7410;0.1421022400919012
0.5014;2.1391;0.23439764386891682
0.5403;2.0003;0.27010948357746334
0.5435;2.0532;0.26470874732125466
0.6852;1.2153;0.563811404591459
0.6039;4.5672;0.13222543352601157
0.3022;2.1077;0.14337903876263228
0.2244;1.3854;0.16197488090082288
0.4474;0.4850;0.9224742268041238
0.6969;1.7743;0.39277461534126135
0.7005;2.8876;0.24258900124671007
0.4306;4.6256;0.09309062608094083
0.1677;0.6103;0.2747828936588563
0.0946;0.8946;0.10574558461882407
0.2872;1.3540;0.2121122599704579
0.2114;0.9534;0.22173274596182085
0.7263;3.8283;0.18971867408510304
0.3621;1.7115;0.21156879929886063
0.1116;0.5601;0.19925013390465987
0.5848;1.5217;0.3843070250377867
0.8986;2.8937;0.3105366831392335
0.7444;3.6886;0.20181098519763593
0.6671;1.8878;0.35337429812480137
0.5040;1.9288;0.2613023641642472
0.1373;2.0867;0.06579767096372263
0.7280;2.2145;0.32874237976969967
0.9074;2.4048;0.3773286759813706
0.4664;4.8884;0.09540954095409541
0.3117;1.4481;0.2152475657758442
0.4928;1.3739;0.35868694955964775
0.1850;1.8075;0.10235131396957123
0.7099;1.7956;0.39535531298730225
0.1411;0.1515;0.9313531353135314
0.2279;1.8228;0.1250274303269695
0.1174;1.3141;0.08933871090480176
0.3120;2.3847;0.1308340671782614
0.2112;1.8284;0.11551082914023189
0.3783;5.3803;0.07031206438302698
0.4859;2.2439;0.21654262667676813
0.7893;4.3525;0.18134405514072371
0.2339;0.4765;0.4908709338929696
0.4505;2.6205;0.17191375691661898
0.1748;2.4490;0.07137607186606779
0.3478;4.6318;0.07508959799645926
0.2832;2.0088;0.14097968936678615
0.4666;1.4240;0.3276685393258427
0.2611;0.9614;0.2715831079675473
0.1052;0.9221;0.1140874091747099
0.8401;1.6463;0.5102958148575594
0.7975;4.5295;0.1760679986753505
0.5671;3.1310;0.18112424145640374
0.4325;1.7008;0.2542920978363123
0.0728;3.1797;0.02289524168946756
0.4157;4.1992;0.09899504667555725
0.0906;0.3041;0.2979283130549162
0.3952;0.6557;0.6027146560927253
0.3257;3.1578;0.10314142757616061
0.2475;1.3997;0.17682360505822678
0.5407;4.6344;0.11667098221992057
0.5382;1.5175;0.354662273476112
0.2763;3.4351;0.08043433961165614
0.5992;3.8213;0.1568052756915186
0.4292;1.3201;0.3251268843269449
0.3370;1.4745;0.22855205154289593
0.8834;4.7681;0.18527295987919717
0.6528;3.5350;0.18466760961810466
0.4793;2.1529;0.22262994100980074
0.5963;4.2213;0.1412598014829555
0.6198;2.4473;0.2532586932537899
0.0717;0.0852;0.8415492957746479
0.7196;1.9409;0.3707558349219434
0.1182;0.2937;0.4024514811031665
0.7061;4.7269;0.14937908565867694
0.2861;3.0558;0.09362523725374698
0.0371;0.0418;0.8875598086124403
0.4737;2.1381;0.22155184509611336
0.2004;1.4456;0.13862755949086883
0.0168;0.0726;0.23140495867768593
0.5980;1.5285;0.3912332351979064
0.3769;1.9181;0.19649653302747513
0.8525;1.4144;0.6027290723981901
0.2380;1.4461;0.1645805960860245
0.2916;2.1670;0.13456391324411632
0.3880;3.0384;0.1276987888362296
0.4882;2.1926;0.22265803156070418
0.7349;4.6727;0.15727523701500204
0.7250;1.1584;0.6258632596685082
0.0468;1.4168;0.03303218520609825
0.4686;1.4277;0.3282202143307418
0.2470;4.3674;0.056555387644823006
0.4422;1.8042;0.2450947788493515
0.5934;2.1435;0.2768369489153254
0.2054;3.5440;0.05795711060948081
0.2075;1.5402;0.1347227632774964
0.8418;1.5187;0.5542898531638902
0.2112;3.8485;0.054878524100298816
0.2600;2.8497;0.09123767414113768
0.3983;1.9144;0.20805474300041787
0.4086;1.4917;0.27391566668901257
0.0274;1.5330;0.01787345075016308
0.2683;3.1538;0.08507197666307312
0.4539;1.9456;0.23329564144736845
0.0122;-0.0000;0
0.5576;1.1530;0.48360797918473547
0.3880;1.5251;0.25440954691495643
0.4332;1.9054;0.2273538364647843
0.0598;99.0000;0.000604040404040404
0.3643;4.1098;0.08864178305513651
0.6614;1.7944;0.3685911725367811
0.8696;1.8817;0.46213530318329177
0.1646;1.4004;0.1175378463296201
0.8339;5.1431;0.16213956563162296
0.0687;0.1860;0.3693548387096774
0.2876;1.6543;0.17384996675330955
0.3187;4.3320;0.07356879039704524
0.1768;0.3297;0.5362450712769185
0.2633;1.5447;0.1704538098012559
0.5301;1.7405;0.3045676529732836
0.3451;2.9992;0.115064017071219
0.7055;1.8806;0.37514622992661917
0.4139;2.3859;0.17347751372647638
0.7951;4.1282;0.1926021026113076
0.6946;1.1107;0.625371387413343
0.3743;2.3000;0.16273913043478264
0.2726;0.3465;0.7867243867243868
0.3032;2.0923;0.1449122974716819
0.9375;2.3401;0.40062390496132644
0.4201;1.7675;0.23768033946251765
0.3697;4.2858;0.0862616081011713
0.0492;0.0724;0.6795580110497237
0.2144;1.9837;0.10808085900085698
0.3527;2.3605;0.14941749629315823
0.5669;5.2127;0.10875362096418362
0.2041;1.6581;0.1230926964598034
0.4324;1.1076;0.3903936439147707
0.5651;1.8101;0.312192696536103
0.5507;3.3078;0.16648527722353226
0.3727;0.2599;1.4340130819545978
0.8504;2.0360;0.4176817288801572
0.6669;2.0143;0.33108275827831013
0.3169;4.1199;0.07691934270249277
0.0903;1.2171;0.07419275326596007
0.4758;1.4082;0.3378781423093311
0.7237;2.9085;0.24882241705346397
0.4430;1.3272;0.333785412899337
0.2414;3.7795;0.06387088239185078
0.0955;0.2188;0.4364716636197441
0.5795;1.1968;0.48420788770053474
0.3146;1.8934;0.1661561212633358
0.1200;1.4984;0.0800854244527496
0.2063;0.1259;1.6386020651310562
0.1362;2.0003;0.06808978653202019
0.1050;0.1896;0.5537974683544303
0.2051;0.2637;0.7777777777777778
0.6435;2.5863;0.24881104280245908
0.3978;1.7579;0.22629273565049204
0.4082;1.6883;0.24178167387312682
0.2420;4.5767;0.05287652675508554
0.5964;1.5084;0.3953858392999205
0.9431;2.4906;0.3786637757969967
0.3096;1.5250;0.20301639344262296
0.5285;3.0054;0.17585013642110867
0.5954;1.8462;0.3225002708265627
0.4333;1.4189;0.3053774050320671
0.5755;1.9244;0.2990542506755352
0.5417;2.3482;0.23068733497998467
0.4454;4.2712;0.10427982768308672
0.6022;1.9824;0.303773204196933
0.3590;0.7333;0.4895677076230738
0.0356;0.9255;0.038465694219340894
0.6389;1.0347;0.617473663863922
0.2625;1.3076;0.2007494646680942
0.3715;2.2962;0.16178904276630957
0.3227;4.5811;0.07044159699635458
0.4826;1.7890;0.26975964225824484
0.5603;3.5215;0.15910833451654124
0.0391;2.5068;0.0155975745970959
0.9902;4.3612;0.22704760157754744
0.5180;4.6741;0.11082347403778267
0.3188;4.3459;0.07335649692813916
0.7145;4.0419;0.17677329968579134
0.0737;0.1514;0.4867899603698811
0.7202;3.9399;0.18279651767811364
0.3115;1.9189;0.16233258637761216
0.3643;2.6208;0.13900335775335776
0.3588;2.0686;0.1734506429469206
0.1225;1.4185;0.08635882974973563
0.1011;0.7396;0.1366955110870741
0.2121;3.6652;0.057868601986249046
0.2087;1.4694;0.14203076085477065
0.1196;0.4910;0.24358452138492873
0.3111;3.5691;0.08716483147011851
0.5617;2.9000;0.1936896551724138
0.3987;1.3918;0.2864635723523495
0.4757;1.3213;0.3600242185726179
0.5972;1.4946;0.39957179178375485
0.8122;2.6459;0.30696549378283383
0.4005;1.5211;0.26329629873118143
0.4680;4.2957;0.10894615545778337
0.3537;4.4063;0.08027142954406191
0.4913;1.8633;0.26367197982074814
0.8653;4.0028;0.21617367842510243
0.4742;4.0184;0.1180071670316544
0.1715;1.2863;0.13332815050921248
0.7858;2.5903;0.3033625448789716
0.1274;4.4127;0.02887121263625445
0.6211;4.3641;0.14232029513530856
0.7467;1.5927;0.46882652100207195
0.5546;3.8734;0.143181700831311
0.5867;4.6537;0.12607172787244558
0.2850;3.6060;0.07903494176372712
0.3108;1.7328;0.17936288088642663
0.5756;1.9074;0.3017720457166824
0.0162;0.0539;0.30055658627087195
0.1517;0.1333;1.1380345086271568
0.3596;0.4660;0.7716738197424892
0.0942;0.1481;0.6360567184334909
0.5017;1.4132;0.3550099065949618
0.3122;2.0037;0.15581174826570846
0.3360;1.7858;0.18815096875349985
0.4748;2.9059;0.1633917202931966
0.8142;2.1805;0.3734005961935336
0.2120;1.2620;0.16798732171156894
0.5023;1.6516;0.3041293291353839
0.3950;3.0022;0.13157018186663114
0.0549;0.1123;0.48886910062333033
0.3089;1.9811;0.15592347685629196
0.1541;0.2394;0.6436925647451963
0.5868;1.1382;0.5155508697944122
0.4792;1.1702;0.4095026491198086
0.2617;2.1784;0.12013404333455747
0.5424;2.9681;0.18274316903069301
0.7828;1.8712;0.4183411714407867
0.3685;1.6312;0.22590730750367827
0.8411;2.5245;0.33317488611606255
0.6780;1.8931;0.35814272885742965
0.2054;2.1026;0.09768857604870161
0.5498;1.6599;0.3312247725766612
0.2147;2.0203;0.10627134583972676
0.4935;4.3729;0.11285417000160078
0.1888;1.3293;0.14202963965997142
0.8158;2.9383;0.2776435353775993
0.0657;1.6949;0.038763348870139824
0.0461;0.0754;0.6114058355437666
0.2609;1.2218;0.21353740383041417
0.7724;3.9580;0.19514906518443656
0.4010;2.7161;0.14763815765251648
0.1830;1.5904;0.11506539235412475
0.3551;4.0509;0.08765953244957911
0.2229;1.7734;0.12569076350513136
0.2138;1.7096;0.12505849321478707
0.4985;1.0008;0.49810151878497205
0.1330;1.1261;0.11810674007636977
0.3812;1.3184;0.2891383495145631
0.5497;2.2205;0.24755685656383697
0.4182;2.6631;0.15703503435845445
0.3405;4.6855;0.07267100629601964
0.5192;4.2346;0.12260898313890331
0.7687;1.8300;0.42005464480874316
0.3986;1.7189;0.23189248938274476
0.3585;2.5969;0.13804921252262312
0.5661;3.1282;0.18096669010932806
0.4473;5.0382;0.08878170775276885
0.2761;0.3548;0.778184892897407
0.2329;2.9183;0.07980673679882123
0.3069;2.1192;0.14481879954699886
0.3789;2.4495;0.1546846295162278
0.8663;2.0462;0.423370149545499
0.2979;0.7174;0.4152495121271257
0.2576;0.3922;0.6568077511473738
0.3239;2.3946;0.13526267435062223
0.5026;1.8502;0.2716463085071884
1.2067;2.0023;0.6026569445138091
0.6794;1.5323;0.4433857599686745
0.9680;4.4834;0.2159075701476558
0.2103;1.9570;0.10746039856923861
0.0544;0.0638;0.8526645768025078
0.1298;0.4257;0.3049095607235142
0.6487;2.4793;0.26164643246077524
0.3420;1.3009;0.26289491890229844
0.1130;0.0881;1.282633371169126
0.4315;4.5785;0.09424484001310472
0.5021;1.9550;0.25682864450127874
0.4718;2.2015;0.21430842607313197
0.2097;1.3178;0.15912885111549552
0.2189;1.9870;0.11016607951685958
0.1441;0.2885;0.49948006932409017
0.3266;3.9521;0.08263960932162648
0.9244;3.8251;0.24166688452589474
0.2618;1.9329;0.13544415127528583
0.2995;2.5140;0.11913285600636436
0.5634;0.5039;1.118078983925382
0.4585;2.8112;0.163097609561753
0.5131;1.1082;0.4630030680382602
0.4853;0.5588;0.8684681460272012
0.3109;1.8812;0.16526685094620455
0.1721;4.1761;0.041210698977514906
0.7106;2.0240;0.35108695652173916
0.2383;1.4608;0.16312979189485213
0.1142;1.4680;0.07779291553133515
0.7094;4.4836;0.15822107235257382
0.4187;1.6795;0.24930038701994642
0.3667;3.3043;0.11097660624035349
0.5255;1.4782;0.3554999323501556
0.4703;1.7400;0.2702873563218391
0.2726;1.8007;0.15138557227744767
0.0406;-0.0000;0
0.0853;1.7818;0.04787293747895387
0.5809;1.4895;0.3899966431688486
0.5269;4.4891;0.11737319284489098
0.3008;2.4771;0.12143232005167333
0.4734;1.4947;0.31671907406168465
0.3530;4.7408;0.07446000674991562
0.4826;2.1608;0.22334320621991854
0.2830;2.4823;0.11400717076904483
0.1886;1.8976;0.09938870151770657
0.3200;0.3012;1.0624169986719787
0.2223;2.0572;0.10805949834726813
0.0456;0.0971;0.46961894953656025
0.5044;4.4672;0.1129118911174785
0.6329;1.5928;0.3973505775991964
0.1291;0.1645;0.7848024316109422
0.2960;0.7394;0.4003245875033811
0.0427;1.6694;0.025578051994728648
0.0910;1.6348;0.05566430144360166
1.0019;1.9144;0.5233493522774759
0.1125;0.1633;0.6889161053276179
0.3177;4.3095;0.07372084928646014
0.3876;2.0561;0.18851223189533584
0.2339;0.3095;0.755735056542811
0.3679;2.3850;0.15425576519916145
0.2990;1.8883;0.15834348355663824
0.6290;2.6361;0.23861006790334208
0.3122;1.4333;0.21781901904695455
0.3971;1.3279;0.2990436026809248
0.3922;2.0485;0.1914571637783744
0.7199;2.1613;0.33308656826909727
0.6315;4.5337;0.1392902044687562
0.2095;1.1818;0.17727195803012355
0.0392;0.0500;0.7839999999999999
0.2973;1.3447;0.221090205993902
0.4958;1.4595;0.33970537855429944
0.3770;4.2029;0.08969996906897619
0.2435;0.2681;0.9082431928384931
0.5134;1.6930;0.30324867099822794
0.5563;2.1240;0.2619114877589454
0.0200;1.5061;0.013279330721731625
0.3541;0.4530;0.7816777041942605
0.1479;0.4690;0.31535181236673776
0.1212;2.3599;0.05135810839442349
0.4913;3.6845;0.13334238024155246
0.3913;4.3645;0.0896551724137931
0.3905;1.1557;0.33789045600069223
0.1060;0.0952;1.1134453781512603
0.4290;4.2863;0.10008632153605675
0.7146;3.3795;0.2114513981358189
0.4229;1.9503;0.2168384351125468
0.5419;2.7156;0.19955074385034619
0.1037;1.7244;0.060136859197402
0.3525;1.5939;0.2211556559382646
0.2903;0.8659;0.33525811294606767
0.5137;4.7230;0.10876561507516411
0.2991;2.6099;0.11460209203417754
0.8289;2.6499;0.31280425676440615
0.6789;1.5894;0.42714231785579465
0.3252;2.4823;0.131007533336019
0.6168;1.7479;0.3528805995766348
0.7207;4.5608;0.15802052271531308
0.6175;0.4134;1.4937106918238996
0.4367;2.5864;0.16884472626043923
0.2699;1.5619;0.1728023561047442
0.5322;2.7097;0.19640550614459165
0.1350;1.9723;0.06844800486741369
0.3127;1.7882;0.17486858293255786
0.4358;4.7272;0.09218987984430531
0.6619;1.3846;0.47804420049111657
0.3927;1.4883;0.2638580931263858
0.2794;0.2921;0.9565217391304346
0.2887;1.7606;0.16397818925366353
0.2307;1.6190;0.14249536751080913
0.4073;2.5649;0.15879761394206401
0.4649;3.4733;0.13384965306768778
0.8481;3.5264;0.24050022686025405
0.8714;4.1469;0.21013287033687816
0.2376;1.5526;0.15303362102280046
0.2618;3.1967;0.08189695623611849
0.4107;2.8919;0.14201735882983504
0.1940;1.6194;0.11979745584784489
0.3895;1.4673;0.26545355414707283
0.4153;1.2556;0.3307582032494425
0.3860;1.7603;0.2192808044083395
0.2735;1.5478;0.17670241633285955
0.9947;4.2966;0.2315086347344412
0.5689;3.6420;0.15620538165842943
0.5563;3.8585;0.14417519761565376
0.0193;0.8030;0.024034869240348693
0.5379;3.4879;0.1542188709538691
0.8932;2.2428;0.39825218476903873
0.4451;1.4506;0.30683854956569695
0.4055;2.4885;0.16294956801285915
0.6730;4.1082;0.16381870405530402
0.1054;1.4665;0.07187180361404705
0.1734;0.1680;1.032142857142857
0.6838;4.4926;0.15220584961937406
0.2809;1.6619;0.16902340694385942
0.4562;4.0179;0.11354189999751113
0.2265;0.2639;0.8582796513830996
0.8894;3.7316;0.23834280201522134
0.2271;0.4647;0.48870238863783083
0.3820;1.8096;0.21109637488947833
0.0756;0.1745;0.43323782234957026
0.1962;0.2163;0.9070735090152566
0.5910;2.8332;0.2085980516730199
0.5559;4.7291;0.1175487936393817
0.3818;3.9076;0.09770703244958542
0.3216;0.3280;0.9804878048780488
0.5384;2.5483;0.21127810697327631
0.0587;0.0600;0.9783333333333334
0.0556;0.1065;0.5220657276995305
0.2098;2.5049;0.08375583855642939
0.4377;2.0841;0.2100187131135742
0.9099;2.3893;0.3808228351399992
0.2576;0.4007;0.6428749688045919
0.3208;1.7409;0.18427250272847379
0.5949;3.7410;0.15902165196471532
0.6261;3.6799;0.17014049294817793
0.4624;1.7891;0.2584539712704712
0.5871;2.1312;0.27547860360360354
0.4876;1.8852;0.25864629747506895
0.8413;4.3274;0.1944123492166197
0.3609;1.2612;0.2861560418648906
0.1742;1.3888;0.12543202764976957
0.3891;1.5672;0.24827718223583461
0.2374;1.4913;0.15918996848387312
0.7402;1.4530;0.5094287680660702
0.8757;1.8611;0.4705281822578046
0.4899;4.4032;0.11125999273255814
0.4553;2.3676;0.19230444331812807
0.5896;2.9306;0.2011874701426329
0.7421;3.7859;0.1960167991758895
0.1735;0.2685;0.6461824953445064
0.1490;0.3154;0.47241597970830684
0.2423;2.3487;0.1031634521224507
0.7950;3.6071;0.22039865820187965
0.5802;2.1264;0.27285553047404065
0.1297;1.6111;0.08050400347588604
0.2921;1.3536;0.21579491725768324
0.3694;1.5116;0.24437681926435564
0.6496;0.8546;0.7601216943599344
0.2647;3.8791;0.06823747776546106
0.0632;1.2925;0.048897485493230176
0.6051;2.2352;0.2707140300644238
0.0498;0.1470;0.33877551020408164
0.2204;1.4304;0.15408277404921703
0.1902;2.3534;0.08081924024815161
0.1428;0.2502;0.5707434052757795
0.8832;4.5240;0.19522546419098144
0.0393;1.8308;0.021466025781079312
0.1446;1.2085;0.11965246172941664
0.8451;3.2965;0.2563628090398908
0.2046;1.8268;0.11199912415152179
0.0977;0.1649;0.5924802910855064
0.6662;1.9274;0.3456469855764242
0.1919;1.7741;0.10816752156022771
0.4290;2.7007;0.15884770615025734
0.8290;3.2631;0.25405289448683765
0.3766;1.6455;0.2288666058948648
0.2172;1.5434;0.14072826227808732
0.4448;1.7353;0.2563245548320175
0.6363;2.2255;0.28591327791507526
0.2486;0.3878;0.6410520887055183
0.8825;4.3011;0.20518007021459625
0.2501;2.3396;0.10689861514788852
0.4536;2.1605;0.20995140013885677
0.3388;2.8449;0.1190903019438293
0.3031;1.7544;0.17276561787505698
0.5016;3.1532;0.15907649372066474
0.7726;4.4038;0.17543939325128297
0.6589;4.2418;0.1553349992927531
0.5123;1.4269;0.3590300651762562
0.3265;1.6762;0.19478582508053932
0.3535;2.1355;0.16553500351205805
0.1426;0.1118;1.2754919499105546
0.0252;1.4247;0.017687934301958304
0.0696;1.4052;0.04953031596925704
0.6222;3.3368;0.186466075281707
0.5092;0.6429;0.7920360864831233
0.3418;1.0850;0.3150230414746544
0.4554;3.4435;0.13224916509365472
0.2900;1.4377;0.2017110662864297
0.6064;1.1967;0.5067268321216679
0.3061;1.6399;0.18665772303189218
0.8044;2.2350;0.35991051454138706
0.5538;4.2055;0.13168469860896445
0.1963;1.9060;0.10299055613850998
0.1853;1.3379;0.13850063532401524
0.3673;2.4140;0.15215410107705055
0.7586;1.8083;0.41951003705137424
0.4251;1.2741;0.333647280433247
0.2253;1.6209;0.13899685359985192
0.4575;1.5998;0.28597324665583196
0.4104;1.7284;0.2374450358713261
0.2588;1.9214;0.1346934526907463
0.0662;1.8352;0.03607236268526591
0.7210;4.4873;0.16067568471018207
0.4955;3.7087;0.1336047671690889
0.4799;1.8314;0.2620399694222999
0.1753;0.2657;0.6597666541211894
0.0746;0.0974;0.7659137577002053
0.6815;1.4374;0.4741199387783498
0.6148;2.1441;0.2867403572594562
0.2937;1.4365;0.20445527323355378
0.5689;1.9518;0.2914745363254432
0.2336;1.8713;0.1248330037941538
0.5386;3.4188;0.15754065754065752
0.7367;5.1256;0.14372951459341346
0.4635;2.8080;0.1650641025641026
0.0073;-0.0000;0
1.0216;3.5512;0.2876774048209056
0.2878;1.1961;0.24061533316612324
0.1157;1.8968;0.06099746942218473
0.4879;2.3974;0.20351213814966213
0.4345;2.3386;0.18579492003762935
0.2342;1.8422;0.12713060471175766
0.7444;4.2191;0.17643573273920976
0.5236;2.1206;0.24691125153258509
0.1704;0.2413;0.7061748860339826
0.3551;0.4713;0.7534479100360705
0.4568;1.1010;0.41489554950045415
0.2712;1.9749;0.1373234087801914
0.0174;1.7120;0.010163551401869158
0.2409;1.0148;0.23738667717776904
0.5462;3.7372;0.1461521995076528
0.4738;2.1482;0.22055674518201285
0.1365;1.3696;0.0996641355140187
0.9068;4.4512;0.20372034507548528
0.2372;1.6807;0.14113167132742307
0.3454;2.7890;0.12384367156686983
0.5317;3.3752;0.157531405546338
0.2460;1.8478;0.13313129126528844
0.9313;3.6807;0.25302252288966776
0.7577;2.8651;0.26445848312449827
0.3363;1.5568;0.21602004110996917
0.4605;2.5814;0.1783915704656388
0.1440;3.2940;0.04371584699453551
0.2617;1.3012;0.20112204119274515
0.2542;1.4965;0.16986301369863013
0.3323;2.2706;0.1463489826477583
0.6555;4.5341;0.14457113870448382
0.4209;2.3096;0.18223934880498788
0.9013;5.3980;0.16696924786958134
0.4662;2.4276;0.19204152249134948
0.3760;0.3064;1.227154046997389
0.1347;2.1592;0.062384216376435715
0.0904;0.1113;0.8122192273135669
0.3268;2.1143;0.15456652319916755
0.3185;4.6959;0.06782512404437914
0.4633;1.4148;0.32746677975685606
0.2741;1.2447;0.22021370611392305
0.3467;4.8675;0.07122752953261428
0.4275;1.6574;0.2579341136720164
0.0878;1.6116;0.054480019856043685
0.3204;1.1156;0.28719971315883835
0.3596;1.9597;0.18349747410317904
0.3581;4.4669;0.08016745393897333
0.0734;0.0542;1.3542435424354244
0.6588;1.6615;0.396509178453205
0.0806;0.6978;0.11550587560905705
0.6912;2.2064;0.3132704858593184
0.0633;0.9229;0.06858814606132842
0.3638;1.4113;0.25777651810387586
0.2470;1.2837;0.19241255745111785
0.0357;3.5324;0.010106443211414337
0.4276;4.6596;0.0917675336938793
0.6356;1.4128;0.4498867497168743
0.2777;1.2915;0.21502129307007353
0.3798;1.5347;0.24747507656219458
0.5169;2.2329;0.2314926776837297
0.6322;1.5469;0.4086883444307971
0.5341;3.0021;0.17790879717531063
0.1139;0.7357;0.15481854016582847
0.1591;0.9511;0.16727999158868678
0.3743;4.0924;0.09146222265663181
0.0340;0.1162;0.2925989672977625
0.2947;4.4906;0.06562597425733756
0.9147;2.8591;0.3199258507922073
0.6375;3.0205;0.2110577718920708
0.5334;2.4006;0.2221944513871532
0.2377;0.2699;0.8806965542793628
0.2064;0.4236;0.4872521246458924
0.6751;2.3209;0.2908785384979965
0.1849;0.7349;0.25159885698734524
0.3501;3.9522;0.08858357370578412
0.3395;2.0157;0.16842784144465944
0.1949;0.3647;0.5344118453523443
0.2595;0.4176;0.6214080459770115
0.5803;2.9675;0.1955518112889638
0.2379;1.1552;0.20593836565096954
0.0343;1.7271;0.019859880724914594
0.4061;1.4842;0.2736154157121682
0.3421;1.7241;0.19842236529203644
0.5109;3.9706;0.12867072986450412
0.6267;2.9162;0.2149029559015157
0.4393;4.3728;0.10046194657885109
0.5619;2.5540;0.22000783085356304
-0.0000;0.0063;-0.0
0.7512;3.5604;0.21098752949106842
0.7934;2.4547;0.32321668635678497
0.4691;4.0502;0.11582144091649794
0.4509;3.7421;0.12049384035701878
0.0203;0.0705;0.28794326241134754
0.1918;1.4795;0.12963839134842853
0.0243;0.0426;0.5704225352112676
0.5237;3.5681;0.14677279224236991
0.0864;0.6761;0.12779174678302027
0.4818;3.2108;0.1500560607948175
0.9665;2.4718;0.39101059956307144
0.4736;2.8974;0.16345689238627734
0.6312;4.1488;0.15214037794060933
0.2580;1.5364;0.16792501952616506
0.1568;0.1736;0.9032258064516129
0.2856;1.3973;0.2043941887926716
0.2549;1.5369;0.16585334114125838
0.6654;2.2249;0.2990696211065666
0.1384;1.3837;0.10002168100021681
0.5326;4.5709;0.1165197225929248
0.2836;1.5580;0.18202824133504494
0.0936;0.7884;0.11872146118721462
0.1775;0.1384;1.282514450867052
0.4365;3.7261;0.11714661442258661
0.3830;2.2631;0.16923688745526047
0.8699;4.7305;0.18389176619807632
0.0994;0.2022;0.49159248269040556
0.3480;3.7662;0.09240082842122033
0.2474;2.1996;0.11247499545371885
0.0313;3.3849;0.009246949688321664
0.7191;4.4859;0.16030228047883366
0.7749;1.6698;0.46406755300035935
0.5593;2.1609;0.25882734045999356
0.1081;0.2635;0.410246679316888
0.2747;3.5936;0.07644145146927872
0.5441;0.5515;0.986582048957389
0.2513;2.9219;0.08600568123481298
0.3166;0.9404;0.336665248830285
0.3994;1.6291;0.2451660426002087
0.7903;4.5824;0.17246421089385475
0.6935;0.9054;0.7659597967749061
0.6485;2.2239;0.291604838347048
0.4055;2.9995;0.13518919819969996
0.0025;0.2703;0.00924898261191269
0.2988;1.3775;0.21691470054446463
0.2400;2.0065;0.1196112633939696
0.3432;4.2570;0.0806201550387597
0.0489;0.0741;0.659919028340081
0.5118;2.2467;0.22780077446922153
0.6463;4.7957;0.13476656171153326
0.8234;2.2019;0.3739497706526182
0.8688;3.1177;0.2786669660326523
0.1365;0.6228;0.21917148362235067
0.2519;2.7684;0.09099118624476231
0.4501;1.6443;0.2737335036185611
0.1774;1.5556;0.11403959886860375
0.0987;1.4555;0.0678117485400206
0.2239;1.5449;0.1449284743349084
0.4320;1.4529;0.2973363617592401
0.2419;0.4459;0.5424983180085221
0.3740;1.8644;0.200600729457198
0.4273;1.4750;0.2896949152542373
0.2133;1.4491;0.1471948105720792
0.4824;2.5553;0.18878409580088445
0.1515;0.1519;0.9973666886109281
0.1323;2.8891;0.04579280744868644
0.1699;1.7147;0.09908438793958127
0.8281;4.4851;0.18463356446901963
0.3377;1.5938;0.21188354875141172
0.6093;4.2812;0.1423199103055218
0.5709;3.1572;0.1808247814519194
0.0896;1.5084;0.05940068947228852
0.2037;1.4165;0.14380515354747617
0.0426;1.4685;0.029009193054136875
0.4042;3.6116;0.11191715583121054
0.0602;0.2005;0.30024937655860345
0.0520;1.8015;0.02886483485983902
0.2563;0.8889;0.28833389582630214
0.0363;2.1453;0.016920710390155223
0.7096;4.1144;0.1724674314602372
0.4454;2.6591;0.16750028205031778
0.2590;2.2707;0.11406174307482274
0.5422;1.6177;0.33516721270940225
0.3641;1.4336;0.2539760044642857
0.1525;0.6031;0.25286022218537557
0.2349;2.7597;0.08511794760300033
0.5767;4.6149;0.12496478796940347
0.3740;1.5253;0.24519766603291154
0.9497;2.1780;0.43604224058769514
0.3286;0.3883;0.8462528972443987
0.2979;4.5943;0.06484121628975034
0.0544;1.1055;0.04920850293984622
0.5745;1.8932;0.30345446862455105
0.5168;1.8153;0.2846912356084394
0.9241;3.9547;0.23367132778718994
0.2489;0.4965;0.5013091641490434
0.3324;2.1910;0.15171154723870378
0.2740;1.3708;0.1998832798365918
0.2214;0.2371;0.9337832138338255
0.7761;2.7082;0.2865741082637914
0.8160;2.7687;0.294723155271427
0.3345;1.4699;0.22756650112252536
0.4029;1.8599;0.21662454970697348
0.8856;2.9495;0.3002542803865062
0.6035;1.7503;0.34479803462263614
0.1587;2.6262;0.06042951793465845
0.4392;4.7522;0.09242035267875931
0.4259;2.9528;0.14423597940937416
0.3244;1.5340;0.21147327249022166
0.4835;1.4810;0.3264686022957461
0.4543;4.3893;0.10350169730936594
0.3589;1.7330;0.20709751875360646
0.1000;0.1533;0.6523157208088716
0.1251;0.2094;0.5974212034383953
0.5512;4.6169;0.11938746778141177
0.2823;2.1221;0.13302860374157674
0.4646;2.1964;0.21152795483518483
0.2104;1.2504;0.16826615483045426
0.1760;2.6995;0.06519725875162066
0.9222;1.5388;0.5992981544060307
1.1787;3.1420;0.37514322087842145
0.5661;2.5921;0.2183943520697504
0.6924;2.0066;0.34506129771753213
0.4472;99.0000;0.004517171717171717
0.3033;0.4679;0.6482154306475744
0.5761;4.1586;0.13853219833597843
0.6551;4.2336;0.1547382842025699
0.7247;1.6575;0.43722473604826545
0.6218;4.1894;0.14842220843080156
0.5992;1.9427;0.3084367117928656
0.7241;2.0535;0.352617482347212
0.2766;2.1826;0.12672958856409788
0.7183;2.2391;0.32079853512572015
0.4860;4.1852;0.11612348274873363
0.5233;1.5545;0.3366355741395947
0.6111;2.1548;0.2835994059773529
0.2065;1.7383;0.11879422424207559
0.3906;1.6013;0.24392680946730783
0.6028;4.1464;0.14537912405942505
0.5611;3.2469;0.17281098894329977
0.1847;2.3943;0.07714154450152445
0.7500;4.7988;0.15628907226806701
0.3559;3.5696;0.0997030479605558
0.6743;4.1484;0.1625445955067014
0.1953;2.5820;0.07563903950426026
0.6425;2.2706;0.2829648551043777
0.6555;2.2242;0.29471270569193414
0.5198;4.0695;0.12773067944464925
0.3702;2.1501;0.17217803823077993
0.3985;2.0201;0.19726746200683137
0.1271;1.6943;0.07501623089181372
0.3454;3.9675;0.08705734089477
0.3364;2.1766;0.1545529725259579
0.4704;4.1037;0.11462826229987572
0.0466;0.0990;0.4707070707070707
0.0849;1.2715;0.0667715296893433
0.3171;1.3567;0.2337289010098032
0.5565;2.0869;0.2666634721357037
0.0254;0.0313;0.8115015974440893
0.2559;3.6401;0.07030026647619572
0.0531;0.0783;0.67816091954023
0.3699;4.1765;0.08856698192266252
0.0478;0.1355;0.35276752767527675
0.5270;3.2959;0.15989562790133197
0.0327;1.1171;0.02927222271954167
0.0936;0.1515;0.6178217821782178
0.7962;3.4646;0.22981007908560874
0.1669;3.0863;0.054077698214690724
0.5328;0.7073;0.7532871483104765
0.0028;3.1954;0.0008762596232083621
0.5003;1.0825;0.4621709006928406
0.8397;4.1413;0.20276241759833868
0.4462;1.3183;0.3384662064780399
0.4278;1.3808;0.30982039397450756
0.2951;0.7447;0.39626695313549076
0.0892;2.6941;0.033109387179392005
0.4889;1.0771;0.4539040014854703
0.1662;0.1937;0.8580278781621062
0.3805;1.7814;0.21359604805209384
0.0540;0.0083;6.506024096385542
0.5074;3.9054;0.1299226711732473
0.3038;2.6832;0.11322301729278475
0.0922;2.0651;0.044646748341484674
0.6969;4.6506;0.14985163204747773
0.3944;1.4016;0.2813926940639269
0.7854;2.1828;0.3598130841121496
0.6956;4.1365;0.16816148918167534
0.5173;4.0896;0.12649158841940533
0.0865;0.0379;2.2823218997361474
0.5847;4.6455;0.12586373910235713
0.1905;0.3092;0.6161060802069859
0.2413;1.7850;0.13518207282913164
0.6462;1.7955;0.35989974937343355
0.0955;1.2953;0.07372809387786614
0.2169;0.2246;0.9657168299198576
0.3736;1.5886;0.2351756263376558
0.7261;1.9822;0.36631016042780745
0.4664;2.3687;0.19690125385232404
0.1206;0.2534;0.47592738752959746
0.2033;1.2479;0.1629136950076128
0.2085;0.3369;0.6188780053428317
0.5361;4.2145;0.12720370150670304
0.2239;1.9101;0.11721899376995969
0.4256;1.9157;0.222164221955421
0.0760;1.6712;0.04547630445189085
0.6048;2.4498;0.24687729610580453
0.5792;2.4822;0.2333413907017968
0.4502;2.7542;0.1634594437586232
0.8778;1.7363;0.5055577953118701
0.8352;2.2535;0.3706234745950744
0.5864;2.3682;0.24761422177180983
0.4251;1.5479;0.2746301440661541
0.0562;1.8208;0.03086555360281195
0.1221;1.5445;0.07905471026222079
0.0635;1.4350;0.04425087108013937
0.3895;0.7382;0.5276347873205094
0.2608;1.3427;0.19423549564310716
0.1878;0.3800;0.49421052631578943
0.6103;4.0753;0.1497558461953721
0.8502;2.8052;0.30307999429630683
0.4397;0.6102;0.7205834152736807
0.2825;3.5896;0.07869957655449075
0.8304;2.3168;0.35842541436464087
0.4425;1.6143;0.27411261847240287
0.1976;1.6199;0.12198283844681772
0.4701;4.4941;0.10460381388932155
0.0732;0.7527;0.09724990035870865
0.4298;1.8210;0.23602416254805053
0.3393;1.3311;0.2549019607843137
0.4967;2.0783;0.23899340807390654
0.3722;0.5065;0.7348469891411649
0.4150;3.7760;0.10990466101694915
0.4127;3.2478;0.12707063242810518
0.0274;1.3428;0.0204051236222818
0.4209;1.3014;0.32342093130474875
0.8716;1.3581;0.641778955894264
0.7713;3.0711;0.2511477972062128
0.4514;2.0765;0.21738502287503014
0.8003;4.6198;0.17323260747218497
0.7215;3.1617;0.22820001897713255
0.7524;1.0274;0.7323340471092076
0.5340;2.4419;0.21868217371718746
0.8614;3.7876;0.2274263385785194
0.6863;1.1394;0.6023345620502019
0.2869;1.3700;0.20941605839416055
0.3972;1.5355;0.2586779550634972
0.5120;4.4641;0.11469277121928272
0.4226;4.4738;0.09446108453663553
0.3427;1.3646;0.2511358639894474
0.7883;2.5283;0.31179053118696354
0.3470;2.2062;0.15728401776810805
0.9606;2.3737;0.4046846695033071
0.3113;1.7215;0.18083067092651758
0.4590;3.8567;0.11901366453185366
0.8738;4.0589;0.21528000197097735
0.3341;2.2566;0.1480545954090224
0.2815;1.8942;0.1486115510505754
0.5073;2.5957;0.1954386100088608
0.1116;1.5215;0.07334866907656917
0.4379;1.9858;0.22051566119448082
0.0729;0.1119;0.6514745308310993
0.3198;1.5684;0.20390206579954093
0.9223;4.0530;0.22755983222304466
0.3297;1.2128;0.2718502638522427
0.5398;3.5483;0.15212918862553898
0.4300;1.0469;0.41073646002483527
0.5873;3.7920;0.15487869198312237
0.1038;1.8622;0.05574052196326925
0.0510;1.5817;0.03224378832901308
0.7269;3.4178;0.2126806717771666
0.1996;0.0911;2.190998902305159
0.6376;3.9838;0.1600481951905216
0.1867;2.6725;0.06985968194574368
0.4392;1.5573;0.28202658447312656
0.0654;0.0545;1.2
0.5703;3.5282;0.1616404965704892
0.7845;1.8475;0.4246278755074425
0.4678;1.5845;0.29523508993373304
0.3886;3.8448;0.1010715771951727
0.5075;4.5095;0.112540192926045
0.6993;1.9633;0.35618601334487854
0.5595;2.2684;0.24664962087815198
0.4591;4.5541;0.10081025888759579
0.4763;1.8255;0.2609148178581211
0.6173;1.4832;0.4161947141316073
0.5994;2.3841;0.25141562853907135
0.0830;0.1073;0.7735321528424977
0.6710;6.8612;0.09779630385355331
0.4451;4.3627;0.10202397597817864
0.5633;4.0602;0.13873700802916114
0.3872;1.5494;0.2499031883309668
0.3158;0.5053;0.6249752622204632
0.3951;3.1362;0.12598048593839678
0.0796;1.2197;0.0652619496597524
0.3623;3.4143;0.1061125267258296
0.2903;0.6603;0.43964864455550506
0.7489;2.0179;0.3711284008127261
0.3628;2.4625;0.1473299492385787
0.2899;2.7085;0.10703341332841056
0.4134;2.1444;0.19278119753777279
0.8906;4.1365;0.21530279221564125
0.4849;1.4808;0.32745813074014046
0.3887;1.3903;0.2795799467740775
0.7037;2.0499;0.3432850382945509
0.1432;1.4243;0.10054061644316506
0.4237;2.9864;0.14187650683096706
0.4168;4.0914;0.10187221977807108
1.0701;1.3026;0.8215108245048365
0.7968;3.9949;0.1994543042379033
0.1065;0.2036;0.5230844793713163
0.6803;1.7101;0.39781299339219933
0.5227;2.0434;0.2557991582656357
0.7068;4.5584;0.15505440505440507
0.3723;1.3723;0.2712963637688552
0.0240;0.0303;0.7920792079207921
0.0696;0.0847;0.8217237308146399
0.1430;2.0840;0.06861804222648751
0.9066;4.6392;0.1954216244180031
0.1529;1.7700;0.08638418079096045
0.0061;0.0222;0.2747747747747748
0.5277;1.5467;0.3411779918536238
0.2168;2.0366;0.10645192968673278
0.5672;3.9766;0.14263441130614093
0.0672;1.4113;0.04761567349252462
0.1679;0.9829;0.17082103978024213
0.4399;4.6469;0.09466526071144205
0.4530;1.4445;0.31360332294911736
0.1978;2.2225;0.08899887514060742
0.3507;3.6250;0.0967448275862069
0.0628;0.7537;0.08332227676794479
0.4141;1.3134;0.31528856403228267
0.2245;1.5110;0.14857710125744542
0.1407;1.7000;0.08276470588235293
0.4394;3.8896;0.11296791443850267
0.1498;1.6756;0.08940081164955836
0.5391;4.2301;0.12744379565494907
0.1002;1.7091;0.05862734772687379
0.6062;3.3814;0.17927485656828532
0.1141;0.2743;0.41596791833758656
0.7432;3.4360;0.21629802095459835
0.3110;2.3828;0.13051871747523922
0.3848;0.4017;0.9579288025889967
0.3516;2.6776;0.13131162234837168
0.4422;2.6404;0.16747462505680957
0.3959;1.3705;0.28887267420649393
0.4521;1.7415;0.25960378983634796
0.0092;3.4995;0.0026289469924274896
0.8110;4.4482;0.18232093880670835
0.3715;1.4386;0.2582371750312804
1.0469;3.2256;0.3245597718253968
0.0999;2.0552;0.04860840794083301
0.4383;2.5888;0.16930624227441288
0.0778;0.1691;0.46008279124778234
0.7690;1.4874;0.5170095468602931
0.0395;0.0691;0.5716353111432707
0.7141;1.0691;0.6679450004676831
0.7428;2.5054;0.2964796040552407
0.6603;1.7212;0.3836277016035324
0.3206;1.5714;0.20402189130711468
0.4391;4.6229;0.09498366826018301
0.4770;3.9122;0.12192628188742907
0.0929;0.0939;0.9893503727369541
0.1046;0.9870;0.10597771023302938
0.0142;1.5788;0.00899417278946035
0.5878;2.9778;0.19739404929813958
0.6374;3.7833;0.16847725530621413
0.2048;1.5105;0.13558424362793778
0.3958;4.5478;0.08703109195655043
0.4889;1.7762;0.2752505348496791
0.5481;4.2323;0.12950405217021477
0.6411;3.3990;0.1886142983230362
0.3966;4.2829;0.09260080786383058
0.0879;0.1763;0.4985819625638117
0.2217;0.3243;0.6836262719703978
0.6240;1.9285;0.3235675395385014
0.3353;2.0830;0.1609697551608257
0.1549;0.1624;0.9538177339901479
0.5309;1.1677;0.45465444891667384
0.1125;0.1544;0.7286269430051813
0.2543;0.3416;0.7444379391100703
0.3768;3.8184;0.09868007542426148
0.3006;1.6115;0.18653428482780018
0.2837;2.9490;0.0962021024075958
0.5069;4.0670;0.12463732480944185
0.0874;1.3804;0.06331498116487974
0.6019;5.4703;0.11003052849021078
0.3635;0.9570;0.37983281086729365
0.6240;1.7937;0.34788426158220437
0.2606;3.7372;0.06973134967355239
0.7087;3.1902;0.2221490815622845
0.0201;0.0392;0.5127551020408163
0.1858;0.4313;0.4307906329700904
0.4439;4.1351;0.10734927813112137
0.3299;1.6576;0.19902268339768342
0.3049;2.1454;0.14211801994965975
0.0033;0.0785;0.04203821656050955
0.2337;1.9894;0.11747260480546898
0.8114;3.9248;0.20673664900122302
0.3382;1.4912;0.22679721030042918
0.4409;4.1091;0.10729843518045315
0.3247;1.5642;0.2075821506201253
0.4917;1.5857;0.31008387462950115
0.1846;3.8088;0.048466708674648175
0.4432;4.2167;0.10510588849100005
0.3438;1.7606;0.1952743382937635
0.4730;1.2888;0.367008069522036
0.6789;1.6882;0.40214429569956167
0.1450;1.6661;0.08702959006062061
0.3796;4.1556;0.09134661661372606
0.2759;2.0105;0.137229544889331
0.3098;4.1859;0.0740103681406627
0.7339;1.9192;0.3823989162150896
0.5082;3.7598;0.13516676418958457
0.2986;2.2934;0.13019970349699134
0.5071;1.7005;0.29820640987944724
0.7320;1.5753;0.46467339554370596
0.3125;0.3625;0.8620689655172414
0.3908;1.3616;0.28701527614571093
0.4340;2.0930;0.20735785953177258
0.5256;1.9764;0.2659380692167577
0.1845;0.2554;0.7223962411902897
0.1823;0.2086;0.8739213806327899
0.1723;3.5152;0.049015703231679565
0.6009;5.3685;0.1119307069013691
0.6586;2.1749;0.3028185203917421
0.0800;0.1795;0.44568245125348194
0.7168;3.6702;0.19530270829927524
0.5333;1.8153;0.29378064231807416
0.1850;3.3329;0.05550721593807195
0.3498;1.8232;0.19186046511627908
0.5935;3.9786;0.14917307595636656
0.4287;2.5622;0.16731714932479902
0.4335;2.2017;0.19689330971522004
0.1562;1.1565;0.13506268914829225
0.2669;0.4490;0.5944320712694878
0.3922;3.0562;0.12832929782082325
0.7218;4.0068;0.18014375561545373
0.6211;2.1140;0.29380321665089876
0.7033;3.7466;0.1877168632893824
0.4579;1.5917;0.2876798391656719
0.4377;1.0986;0.39841616602949204
0.5033;2.6771;0.1880019424003586
0.4123;1.3357;0.3086770981507823
0.0995;0.1724;0.5771461716937355
0.3036;0.2824;1.075070821529745
0.5094;1.7995;0.2830786329535982
0.2783;1.6752;0.16612941738299905
0.8662;3.8746;0.22355856088370413
0.3470;4.8258;0.07190517634381864
0.3246;1.8053;0.17980391070736168
0.7902;4.1708;0.18946005562482018
0.2994;3.3572;0.08918146074109376
0.2452;1.6372;0.14976789640850233
0.1888;1.5856;0.11907164480322907
0.0347;1.1479;0.030229114034323552
0.5774;2.2740;0.25391380826737026
0.6181;4.0812;0.15145055375869843
0.3194;3.8212;0.08358630796608395
0.4514;0.2848;1.5849719101123596
0.5596;4.2651;0.1312044266254015
0.3529;1.5963;0.22107373300758001
0.0564;1.4488;0.038928768636112644
0.7869;4.4671;0.17615455217031184
0.3171;3.7347;0.08490641818619969
0.1826;1.1411;0.16002103233721848
0.3517;0.3425;1.0268613138686131
0.5610;2.0488;0.2738188207731355
0.0370;0.1083;0.34164358264081257
0.8583;1.2213;0.7027757307786784
0.6160;4.0878;0.15069230392876365
0.5059;1.9545;0.2588385776413405
0.1327;0.9168;0.14474258289703318
0.3282;3.4879;0.09409673442472548
0.1193;1.5553;0.07670545875393815
0.2503;1.9201;0.1303577938649029
0.1727;1.5915;0.10851398052152057
0.1246;0.3966;0.3141704488149269
0.5113;4.2124;0.12137973601747223
0.3093;1.4576;0.2121981339187706
0.4004;1.4156;0.2828482622209664
0.7934;5.8824;0.13487692098463214
0.1617;1.3552;0.11931818181818182
0.6470;1.2196;0.5305018038701214
0.2265;1.7015;0.13311783720246842
0.0410;0.0413;0.9927360774818401
0.2423;0.1185;2.0447257383966244
0.3468;1.5310;0.22651861528412803
0.7003;4.7280;0.14811759729272422
0.4768;0.7532;0.6330323951141795
0.2288;2.6672;0.08578284343131375
0.3694;1.4406;0.25642093572122726
0.8646;1.0021;0.862788144895719
0.0135;0.0262;0.5152671755725191
0.0614;1.7680;0.03472850678733032
0.5267;0.5641;0.9336996986349936
0.6681;4.3074;0.15510516785067557
0.2104;0.3646;0.5770707624794296
0.6175;1.9583;0.31532451616197726
0.3465;3.8458;0.09009828904259191
0.1388;0.4753;0.29202608878602987
0.7360;1.6370;0.44960293219303604
0.2431;1.8840;0.1290339702760085
0.2456;0.2834;0.8666196189131969
0.3029;2.0961;0.14450646438624112
0.4987;2.4161;0.20640701957700425
0.3711;2.1948;0.16908146528157464
0.0290;0.0748;0.3877005347593583
0.5201;2.3922;0.21741493186188446
0.0194;0.1181;0.1642675698560542
0.3399;1.8025;0.18857142857142856
0.1742;1.9820;0.08789101917255297
0.7104;4.6090;0.1541332176177045
0.5169;1.4669;0.3523757584020724
0.4853;1.6581;0.2926843978047163
0.4923;1.7629;0.279255771739747
0.1118;1.2013;0.09306584533422126
0.2434;2.8323;0.08593722416410692
0.1924;1.3990;0.13752680486061472
0.2949;1.9199;0.1536017500911506
0.3542;3.5013;0.10116242538485705
0.2613;0.3872;0.674845041322314
0.2796;1.1602;0.24099293225305984
0.2192;2.0462;0.10712540318639431
0.4041;2.8386;0.14235890932149653
0.5509;2.5613;0.2150860890953812
0.1074;0.1651;0.6505148394912175
0.2127;4.8165;0.044160697601993155
0.0213;3.3943;0.006275226114368206
0.3494;1.4621;0.23897134258942618
0.4801;1.9773;0.24280584635614222
0.1604;0.2018;0.794846382556987
0.4961;4.6206;0.10736700861359998
0.2664;1.2648;0.2106261859582543
0.5601;4.3060;0.13007431490942872
0.4364;3.4716;0.12570572646618275
0.5089;1.8972;0.26823740248787686
0.2895;1.9176;0.15096996245306632
0.3512;1.4684;0.23917188776900028
0.0252;0.1230;0.20487804878048782
0.4916;0.8789;0.5593355330526795
0.2434;1.5673;0.1552989217124992
0.1348;1.1697;0.11524322475848509
0.3052;1.9933;0.15311292830983797
0.3889;1.4237;0.27316148064901313
0.4550;1.6012;0.28416187859105674
0.3292;2.2347;0.14731283841231485
0.4985;3.4537;0.14433795639459132
0.6295;4.1069;0.1532786286493462
0.3120;2.0081;0.15537074846870175
0.2351;1.2789;0.18382985378059272
0.4280;1.2277;0.34861936955282236
0.5757;4.4788;0.12853889434670002
0.7203;4.6062;0.15637618861534452
0.2574;2.9746;0.08653264304444296
0.4890;4.4184;0.11067354698533405
0.3712;2.7504;0.13496218731820825
0.5741;2.2325;0.2571556550951848
0.6381;2.3050;0.2768329718004338
0.8816;3.5686;0.24704365857759347
0.4059;0.3342;1.2145421903052065
0.1931;1.3868;0.13924141909431784
0.1242;1.3938;0.08910891089108912
0.3520;0.6850;0.513868613138686
0.3689;1.7736;0.20799503834009922
0.4009;4.6199;0.086776770059958
0.0478;0.0941;0.5079702444208289
0.5221;4.0249;0.1297175085095282
0.2549;1.4046;0.18147515306848924
0.0914;0.5716;0.15990202939118264
0.5929;1.9313;0.30699528814787963
0.0056;-0.0000;0
0.3904;1.4669;0.26613947781034836
0.4467;1.2805;0.3488481062085123
0.3658;1.6679;0.2193177048983752
0.5870;3.0823;0.19044220225156538
0.3900;1.3971;0.27914966716770456
0.0855;2.0845;0.04101703046294076
0.1696;0.5719;0.29655534184297955
0.3187;1.8655;0.17083891718038058
0.7816;1.7708;0.4413824260221369
0.1431;0.4995;0.2864864864864865
0.3578;0.5085;0.7036381514257621
0.3161;1.3682;0.23103347463821078
0.5996;2.7776;0.21586981566820276
0.2147;1.7879;0.12008501594048884
0.1553;1.4496;0.10713300220750552
0.1850;2.5414;0.07279452270402141
0.1974;1.5413;0.1280737040160903
0.6331;0.8423;0.7516324349994064
0.3098;1.7310;0.17897169266320045
0.1979;1.6133;0.12266782371536603
0.0361;0.0698;0.5171919770773639
0.4620;0.6237;0.7407407407407407
0.4634;4.9196;0.0941946499715424
0.5941;4.5544;0.13044528368171437
0.3858;4.8388;0.07973051169711498
0.1320;1.4311;0.09223674096848578
0.6829;2.7247;0.25063309722171245
0.6067;1.4085;0.4307419240326588
0.3949;2.9490;0.13390979993218038
0.1513;2.0992;0.07207507621951219
0.6296;1.2765;0.4932236584410498
0.3724;0.8439;0.4412845123829838
0.2567;1.3672;0.18775599765944997
0.4513;2.3471;0.19227983468961696
0.3852;2.2491;0.17126850740296118
0.5378;3.1081;0.17303175573501495
0.7747;3.6838;0.21029914761930615
0.0126;0.0764;0.1649214659685864
0.2295;0.5657;0.4056920629308821
0.7544;2.8753;0.26237262198727085
0.0599;3.0557;0.01960270969008738
0.1589;1.0337;0.15371964786688594
0.0419;0.1672;0.25059808612440193
0.1782;1.8871;0.09443060781092681
0.8674;1.8378;0.4719773642398519
0.9572;1.4433;0.663202383426869
0.0563;0.2003;0.28107838242636046
0.1861;1.5321;0.12146726714966385
0.0126;0.0317;0.39747634069400634
0.1650;0.9775;0.16879795396419436
0.7079;4.0834;0.17336043493167458
0.3342;1.1799;0.28324434274091026
0.1865;1.0779;0.1730216161053901
0.2166;1.8215;0.11891298380455669
0.2399;0.3945;0.6081115335868187
0.2095;1.1618;0.18032363573764848
0.2531;1.4915;0.16969493798189741
0.6316;5.1249;0.12324142910105564
0.0978;0.5075;0.19270935960591135
0.3247;1.4515;0.22369962108163968
0.4249;1.6640;0.2553485576923077
0.6605;1.3330;0.49549887471867965
0.4064;4.7000;0.08646808510638297
0.7925;2.3269;0.34058189006833123
0.3939;1.6134;0.24414280401636296
0.3268;1.5946;0.20494167816380282
0.4390;1.7205;0.2551583841906423
0.0688;0.1751;0.39291833238149626
0.4278;1.7909;0.23887430900664472
0.3879;1.6388;0.23669758359775447
0.4124;1.5953;0.2585093712781295
0.0216;1.5457;0.013974251148347027
0.7147;2.1255;0.3362502940484592
0.2689;0.3735;0.7199464524765729
0.1514;0.2246;0.6740872662511131
0.3440;4.0643;0.08463942130256132
0.5270;3.8851;0.1356464441069728
0.6906;3.7995;0.18176075799447294
0.3908;1.3746;0.2843008875309181
0.4992;1.6803;0.29708980539189433
0.3941;1.4119;0.27912741695587506
0.7893;4.3313;0.18223166254935008
0.0285;0.0185;1.5405405405405406
0.3339;2.4488;0.13635249918327344
0.3739;4.8775;0.07665812403895438
0.0355;0.9522;0.03728208359588321
0.8987;4.2266;0.21262953674348176
0.8676;2.9892;0.29024488157366524
0.2387;1.2058;0.19795986067341184
0.1851;2.1517;0.08602500348561602
0.1135;0.6308;0.1799302473050095
0.0319;3.1779;0.010038075458636206
0.4687;1.2938;0.3622661926109136
0.4137;0.8739;0.47339512530037764
0.4366;2.2149;0.1971195087814348
0.2845;1.4249;0.19966313425503543
0.0583;0.4190;0.13914081145584725
0.2416;3.4996;0.06903646130986399
0.2095;0.6756;0.3100947306098283
0.3005;2.3998;0.1252187682306859
0.4435;1.5275;0.29034369885433714
0.6225;1.8742;0.3321417137978871
0.8786;3.9196;0.2241555260740892
0.5551;2.8188;0.19692777068255998
0.2093;1.6965;0.12337164750957856
0.2183;4.7471;0.04598597038191738
0.2337;1.8606;0.1256046436633344
0.1769;0.6595;0.26823351023502656
0.2675;1.8392;0.14544367116137452
0.3023;1.6269;0.1858135103571209
0.4126;0.6978;0.591286901691029
0.3668;0.8265;0.4437991530550514
0.9268;4.3236;0.214358405032843
1.3077;2.0258;0.6455227564418996
0.2787;1.9950;0.13969924812030074
0.7697;1.9467;0.3953870652899779
0.5185;1.9570;0.26494634644864584
0.6514;2.4207;0.2690957161151733
0.5709;1.5151;0.3768068114315887
0.5292;3.5872;0.14752453166815344
0.3431;1.5118;0.22694800899589893
0.3538;3.1306;0.11301347984411934
0.8471;3.9142;0.2164171478207552
0.5239;2.0824;0.25158470995005766
0.5250;1.2650;0.41501976284584985
0.6199;2.5260;0.24540775930324626
0.4587;1.1068;0.414438019515721
0.3387;3.2589;0.1039307741876093
0.7212;1.6051;0.44931779951404893
0.1015;1.3804;0.07352941176470588
0.7500;2.8516;0.2630102398653388
0.0995;1.3224;0.07524198427102238
0.2773;1.9989;0.13872629946470558
0.1250;0.2764;0.4522431259044863
0.1125;0.1704;0.6602112676056339
0.1604;0.1640;0.9780487804878047
0.1315;1.5647;0.08404166932958396
0.2269;1.7046;0.1331104071336384
0.2105;0.7983;0.2636853313290743
0.8338;3.9017;0.21370171976318014
0.5717;4.1069;0.13920475297669774
0.5792;4.3681;0.13259769693917264
0.0856;1.4784;0.0579004329004329
0.5836;3.7726;0.15469437523193552
0.4346;1.6920;0.25685579196217495
0.0906;0.1269;0.7139479905437351
0.2464;0.7433;0.3314946858603525
0.0429;0.0466;0.9206008583690987
0.2086;0.4120;0.5063106796116505
0.8205;2.1027;0.3902125838208018
0.2860;1.6070;0.17797137523335407
0.2397;0.5595;0.42841823056300266
0.2752;3.2872;0.08371866634217572
0.3555;3.2068;0.11085817637520269
0.1065;1.9261;0.055293079279372825
0.2173;1.4707;0.14775277078942
0.7869;4.3386;0.1813718711104965
0.2336;1.9877;0.11752276500477939
0.2489;4.1044;0.0606422375986746
0.4765;1.4718;0.32375322734067125
0.0632;0.4411;0.1432781682158241
0.3180;1.6098;0.1975400670890794
0.1791;2.4522;0.07303645705896747
0.1058;0.2085;0.5074340527577939
0.5551;2.2461;0.2471394862205601
0.4581;1.5502;0.2955102567410657
0.1855;1.3792;0.13449825986078887
0.4817;1.8053;0.26682545837256966
0.1105;1.5847;0.06972928630024611
0.1999;0.3739;0.5346349291254345
0.3202;1.7142;0.18679267296698168
0.3321;2.8613;0.11606612378988572
0.4126;1.9032;0.2167927700714586
0.4528;2.2379;0.202332543902766
0.6139;4.6514;0.13198176892978458
0.0395;0.0754;0.5238726790450928
0.4351;4.1196;0.10561705019904845
0.6396;2.8693;0.22291151151848881
0.4417;4.5751;0.09654433782868134
0.3179;2.4488;0.12981868670369162
0.0538;0.0894;0.6017897091722596
0.2012;0.7143;0.2816743665126697
0.4751;1.9609;0.24228670508440003
0.5913;0.4533;1.3044341495698215
0.4948;1.5630;0.31657069737683946
0.6901;1.5369;0.4490207560674085
0.1222;0.1358;0.8998527245949927
0.3201;1.3285;0.24094843808806923
0.0933;1.4318;0.0651627322251711
0.2040;0.8606;0.23704392284452705
0.4691;1.6817;0.2789439257893798
0.3544;1.4235;0.2489638215665613
0.5368;2.0360;0.26365422396856586
0.5953;3.7360;0.15934154175588866
0.5543;1.7603;0.3148895074703176
0.1681;1.7231;0.09755672915094887
0.0545;0.0947;0.5755015839493136
0.1989;1.5757;0.12622961223583168
0.8368;3.9461;0.21205747446846254
0.0403;0.0629;0.6406995230524642
0.2643;1.6028;0.16489892687796356
0.4118;4.1053;0.10030935619808541
0.1348;2.0123;0.06698802365452466
0.2290;0.6439;0.35564528653517624
0.3039;4.3330;0.07013616432033233
0.4071;1.3659;0.2980452448934769
0.3885;1.3702;0.2835352503284192
0.8492;1.9454;0.4365169116891128
0.2151;1.4859;0.14476075105996367
0.0849;1.8120;0.04685430463576159
0.8182;1.9492;0.41976195362199875
0.7974;4.4788;0.17803876038224525
0.5278;1.2659;0.416936566869421
0.0761;2.4943;0.030509561800906068
0.3269;1.3177;0.24808378234803066
0.5758;2.2624;0.254508486562942
0.3611;2.8798;0.12539065212862005
0.7391;4.1644;0.1774805494188839
0.0683;1.8223;0.03748010755638479
0.9112;2.6978;0.3377566906368152
0.4109;4.5439;0.09042892669292898
0.5990;4.7707;0.12555809420001257
0.5063;2.1474;0.23577349352705593
0.0372;3.1294;0.011887262734070429
0.2443;1.3507;0.1808691789442511
0.2898;3.1189;0.09291737471544455
0.4208;2.2729;0.1851379295173567
0.8174;1.5454;0.5289245502782451
0.8110;2.1292;0.3808942325756153
0.3949;1.6093;0.2453861927546138
0.5877;4.0588;0.1447964915738642
0.5978;4.2976;0.13910089352196575
0.5873;2.3331;0.25172517251725174
0.0589;0.0702;0.8390313390313391
0.0692;0.0690;1.0028985507246375
0.1433;1.1892;0.1205011772620249
0.3461;0.4720;0.7332627118644068
0.1520;1.7487;0.08692171327271687
0.6076;2.6961;0.22536256073587776
0.9079;1.7366;0.5228031786248992
0.4354;2.8956;0.15036607266196989
0.3102;2.9172;0.10633484162895927
0.2866;2.3329;0.12285138668609885
1.0380;2.9158;0.3559914946155429
0.1653;1.4394;0.11483951646519383
0.0815;0.8524;0.09561238854997653
0.0991;0.1611;0.6151458721291123
0.3213;3.2938;0.09754690630882262
0.4324;2.1841;0.197976283137219
0.2103;1.5195;0.13840078973346495
0.6909;1.3960;0.4949140401146132
0.2855;1.6012;0.17830377217087184
0.5470;1.9532;0.28005324595535536
0.6347;1.7108;0.3709960252513444
0.6441;4.8334;0.133260230893367
0.0795;0.6777;0.11730854360336433
0.2322;1.4224;0.16324521934758154
0.3037;2.2205;0.13677099752308042
0.2484;2.0403;0.12174680194089106
0.4746;2.9598;0.1603486722075816
0.1832;1.3039;0.14050157220645754
0.7574;1.9605;0.38633001785258864
0.2848;2.3401;0.12170420067518482
0.3094;2.2164;0.13959574084100343
0.5855;4.5981;0.12733520367108156
0.1924;2.2348;0.08609271523178808
0.2787;1.7329;0.16082866870563794
0.0288;2.5312;0.011378002528445005
0.7529;3.7103;0.2029215966363906
0.6812;1.9777;0.34444051170551654
0.2244;2.7109;0.08277693754841565
0.2379;0.4289;0.5546747493588249
0.2299;1.5565;0.14770318021201412
0.4823;4.2499;0.11348502317701592
0.4228;2.2986;0.18393804924736798
0.4025;1.5949;0.25236691955608503
0.4737;3.1262;0.15152581408739046
0.0097;0.0194;0.5
0.3358;1.6045;0.209286382050483
0.0749;0.1328;0.5640060240963854
0.4580;2.4428;0.18748976584247584
0.1537;1.5689;0.09796672828096119
0.2832;1.4683;0.19287611523530615
0.6147;1.9257;0.3192085994703225
0.6275;2.0786;0.3018858847301068
0.5430;1.4650;0.3706484641638225
0.6927;3.5830;0.19332961205693552
0.7112;3.2876;0.21632802044044291
0.6911;1.8129;0.38121242208616035
0.2084;2.6820;0.07770320656226697
0.5997;1.9429;0.3086623089196562
0.0684;1.5278;0.04477025788715801
0.4162;2.0085;0.20721931789892953
0.3593;2.2322;0.16096227936564822
0.5863;0.7529;0.7787222738743526
0.2200;1.3320;0.16516516516516516
0.2554;1.9432;0.13143268834911487
0.5222;3.8637;0.13515542096953698
0.0686;0.1920;0.3572916666666666
0.2581;1.8718;0.13788866331873065
0.3998;3.6842;0.1085174529070083
0.3958;3.8495;0.10281854786335888
0.7225;3.9425;0.18325935320228282
0.3780;1.5351;0.24623803009575926
0.8463;1.3991;0.6048888571224359
0.1860;0.3132;0.5938697318007663
0.5881;1.7586;0.3344137382008416
0.1993;0.4783;0.4166840894835877
0.8105;2.7988;0.2895883950264399
0.2044;1.4813;0.13798690339566597
0.2406;2.3634;0.1018024879411018
0.2387;0.2744;0.8698979591836735
0.1599;0.2294;0.6970357454228422
0.2716;4.6858;0.05796235434717657
0.4851;4.7883;0.10130944176430048
0.7268;4.1745;0.17410468319559227
0.8324;2.0010;0.415992003998001
0.4197;4.5667;0.09190443865373246
0.4667;1.4703;0.31741821396993813
0.5280;2.1855;0.24159231297185998
0.2723;1.6637;0.16367133497625774
0.1173;1.4459;0.0811259423196625
0.1202;1.4462;0.08311436869036096
0.3986;1.3835;0.28810986628117097
0.2461;0.2223;1.1070625281151598
0.6076;1.9321;0.3144764763728586
0.0530;1.2691;0.041761878496572376
0.5731;1.6866;0.33979603936914504
0.1574;1.5775;0.09977812995245643
0.5677;1.7818;0.3186103939836121
0.3037;2.1516;0.14115077151886968
0.1170;2.1687;0.05394937059067645
0.4412;3.4217;0.12894175409883976
0.2368;1.4892;0.1590115498254096
0.3854;1.5222;0.2531861779004073
0.4320;4.6850;0.09220917822838848
0.2748;1.6136;0.1703024293505206
0.7802;4.5749;0.170539246759492
0.4316;4.1118;0.1049661948538353
0.2550;1.7741;0.14373485147398682
0.4547;4.0689;0.11175010445083437
0.1389;1.4407;0.09641146664815714
0.2675;0.4153;0.6441126896219601
0.8825;2.9362;0.30055854505823854
0.4454;1.8927;0.2353251968087917
0.3426;4.1823;0.08191664873395023
0.5616;1.1779;0.47678071143560574
0.1956;0.2758;0.7092095721537346
0.7430;2.5704;0.2890600684718332
0.1305;1.5968;0.08172595190380762
0.8042;3.9428;0.20396672415542255
0.2400;1.9316;0.12424932698281217
0.3334;4.1094;0.08113106536234
0.0488;0.0711;0.6863572433192687
0.1987;0.7946;0.25006292474200853
0.3743;1.4557;0.2571271553204644
0.2284;1.2471;0.18314489615908908
0.2142;1.2133;0.17654331162944037
0.1109;2.5178;0.044046389705298276
0.4156;1.4495;0.2867195584684374
0.2814;1.7313;0.16253682204124068
0.1171;0.9890;0.11840242669362992
0.2213;0.5299;0.4176259671636157
0.4182;1.4192;0.29467305524239007
0.2017;0.5549;0.36348891692196794
0.2190;0.2960;0.7398648648648649
0.2676;1.3170;0.20318906605922551
0.1014;1.6493;0.061480628145273754
0.2890;1.5276;0.1891856506938989
0.0258;0.0507;0.5088757396449703
0.0161;1.6898;0.009527754763877383
0.2960;1.3430;0.22040208488458674
0.4522;0.7116;0.6354693648116919
0.3144;2.6671;0.11788084436279105
0.5466;3.5573;0.1536558625924156
0.3351;4.0167;0.08342669355441033
0.5400;2.4712;0.21851731952088055
0.2379;1.4944;0.1591943254817987
0.7524;3.9028;0.1927846674182638
0.7483;2.4305;0.3078790372351368
0.2911;1.7308;0.16818812110006937
0.3606;4.8529;0.07430608502132745
0.4825;3.9526;0.12207154784192684
0.4724;2.6868;0.17582253982432633
0.5065;1.6490;0.3071558520315342
0.4696;1.7359;0.2705224955354571
0.4921;2.5169;0.19551829631689777
0.0765;1.3326;0.05740657361548852
0.2306;0.4172;0.552732502396932
0.1346;2.3382;0.057565648789667266
0.3812;1.7822;0.21389294130849512
0.1371;2.1953;0.06245160114790689
0.1683;2.4612;0.06838127742564604
0.2502;1.5815;0.1582042364843503
0.1834;0.5163;0.35521983343017627
0.3660;1.9577;0.18695407876589876
0.0635;1.3264;0.04787394451145959
0.3060;2.8646;0.10682119667667389
0.7304;2.8359;0.2575549208364188
0.4711;2.2617;0.20829464562055094
0.5340;1.8152;0.2941824592331424
0.1815;2.5767;0.07043893351961811
0.1109;0.3280;0.33810975609756094
0.1331;1.3360;0.09962574850299401
0.1813;1.2837;0.1412323751655371
0.1916;1.5179;0.12622702417814086
0.3339;1.6092;0.20749440715883669
0.3560;1.6868;0.21105050984111925
0.5091;1.6880;0.3015995260663507
0.6579;3.2021;0.20545891758533463
0.0459;0.0271;1.6937269372693728
0.2545;1.5975;0.1593114241001565
0.0642;0.1135;0.5656387665198237
0.5549;4.5679;0.12147814094003809
0.3783;4.0858;0.09258896666503501
0.4208;1.2593;0.3341538950210434
0.5983;3.2978;0.18142397962277884
0.1329;0.1988;0.6685110663983903
0.3541;2.9186;0.12132529294867403
0.0242;0.0316;0.7658227848101264
0.2568;1.3004;0.1974776991694863
0.4304;1.4729;0.2922126417272048
0.3062;1.8939;0.16167696288082795
0.2453;1.3904;0.1764240506329114
0.7578;4.8284;0.1569464004639218
0.4352;1.4800;0.29405405405405405
0.4227;1.8658;0.2265516132490085
0.3584;4.4640;0.08028673835125447
0.8037;2.7853;0.28855060496176355
0.8480;3.9606;0.21410897338787052
0.3354;4.6642;0.07190943784571845
0.4322;1.3798;0.3132338020002899
0.1634;0.8520;0.19178403755868545
0.3629;1.2199;0.2974834002787114
0.2543;1.9843;0.12815602479463792
0.5953;1.4934;0.3986205972947636
0.5126;2.3934;0.214172307178073
0.3061;1.7157;0.1784111441394183
0.2065;1.5520;0.1330541237113402
0.3370;2.1307;0.1581639836673394
0.3045;1.2920;0.2356811145510836
0.0424;0.2022;0.20969337289812068
0.2548;1.7751;0.14354120894597489
0.5223;1.3768;0.37935793143521207
0.8002;2.5472;0.31414886934673364
0.0419;0.0826;0.5072639225181598
